0 6 1 9 7 8 3 10 4 5 2 	1	0.00	25.50	25.50	212.15	263.14	true
0 6 1 9 7 8 3 10 4 5 2 	2	25.50	43.10	34.06	178.09	280.75	true
0 6 1 9 7 8 3 10 4 5 2 	3	59.55	59.94	26.93	158.17	304.59	true
0 6 1 9 7 8 3 10 4 5 2 	4	101.60	59.94	20.81	137.36	319.71	true
0 6 1 9 7 8 3 10 4 5 2 	5	122.41	63.56	5.39	131.98	323.33	true
0 6 1 9 7 8 3 10 4 5 2 	6	127.80	77.47	23.43	108.55	337.24	true
0 6 1 9 7 8 3 10 4 5 2 	8	196.17	77.47	20.00	65.12	358.75	false
0 6 1 9 7 8 3 4 10 5 2 	8	199.81	77.47	20.00	70.62	367.90	false
0 6 1 9 7 8 3 5 4 10 2 	8	217.12	77.47	20.52	76.00	391.11	false
0 6 1 9 7 8 3 2 4 5 10 	8	255.76	86.35	44.60	40.52	427.23	false
0 6 1 9 7 8 10 3 4 5 2 	8	194.64	77.47	27.07	65.12	364.30	false
0 6 1 9 7 8 10 4 3 5 2 	8	191.21	77.47	20.52	88.98	378.18	false
0 6 1 9 7 8 10 5 4 3 2 	8	197.23	77.47	20.52	83.07	378.29	false
0 6 1 9 7 8 10 2 4 5 3 	8	241.07	86.35	44.60	47.59	419.61	false
0 6 1 9 7 8 4 10 3 5 2 	8	171.23	77.47	23.43	88.98	361.11	false
0 6 1 9 7 8 4 3 10 5 2 	8	178.30	77.47	23.43	70.62	349.81	true
0 6 1 9 7 8 4 3 10 5 2 	9	201.73	77.47	26.02	44.60	349.81	true
0 6 1 9 7 8 4 3 10 5 2 	10	227.75	77.47	44.60	0.00	349.81	true
0 6 1 9 7 8 4 3 10 2 5 	10	271.59	94.92	44.60	0.00	411.11	false
0 6 1 9 7 8 4 3 5 10 2 	9	222.68	77.47	26.02	69.86	396.03	false
0 6 1 9 7 8 4 3 2 5 10 	9	261.32	94.92	44.60	26.02	426.86	false
0 6 1 9 7 8 4 5 3 10 2 	8	171.74	77.47	26.02	93.29	368.52	false
0 6 1 9 7 8 4 2 3 5 10 	8	207.23	94.92	44.60	49.45	396.20	false
0 6 1 9 7 8 5 10 4 3 2 	8	186.83	77.47	20.00	83.07	367.37	false
0 6 1 9 7 8 5 4 10 3 2 	8	181.33	77.47	20.00	93.29	372.08	false
0 6 1 9 7 8 5 3 4 10 2 	8	205.20	77.47	23.43	76.00	382.09	false
0 6 1 9 7 8 5 2 4 3 10 	8	205.41	86.35	56.00	43.43	391.19	false
0 6 1 9 7 8 2 10 4 5 3 	8	242.43	86.35	20.00	47.59	396.38	false
0 6 1 9 7 8 2 4 10 5 3 	8	228.57	94.92	20.00	49.45	392.94	false
0 6 1 9 7 8 2 5 4 10 3 	8	217.17	86.35	20.52	43.43	367.47	false
0 6 1 9 7 8 2 3 4 5 10 	8	255.60	86.35	23.43	40.52	405.90	false
0 6 1 9 7 3 8 10 4 5 2 	6	167.59	63.56	23.43	108.55	363.13	false
0 6 1 9 7 10 3 8 4 5 2 	6	168.74	63.56	20.00	115.62	367.92	false
0 6 1 9 7 4 3 10 8 5 2 	6	148.83	63.56	20.00	127.06	359.45	false
0 6 1 9 7 5 3 10 4 8 2 	6	160.42	63.56	20.52	111.64	356.14	false
0 6 1 9 7 2 3 10 4 5 8 	6	171.17	63.56	44.60	87.38	366.71	false
0 6 1 9 8 7 3 10 4 5 2 	5	127.10	59.94	5.39	134.97	327.39	true
0 6 1 9 8 7 3 10 4 5 2 	6	132.48	77.47	26.42	108.55	344.91	true
0 6 1 9 8 7 3 10 4 5 2 	8	201.09	77.47	20.00	65.12	363.67	false
0 6 1 9 8 7 3 4 10 5 2 	8	204.73	77.47	20.00	70.62	372.82	false
0 6 1 9 8 7 3 5 4 10 2 	8	222.04	77.47	20.52	76.00	396.03	false
0 6 1 9 8 7 3 2 4 5 10 	8	260.68	86.35	44.60	40.52	432.15	false
0 6 1 9 8 7 10 3 4 5 2 	8	202.24	77.47	27.07	65.12	371.89	false
0 6 1 9 8 7 10 4 3 5 2 	8	198.81	77.47	20.52	88.98	385.77	false
0 6 1 9 8 7 10 5 4 3 2 	8	204.83	77.47	20.52	83.07	385.88	false
0 6 1 9 8 7 10 2 4 5 3 	8	248.66	86.35	44.60	47.59	427.21	false
0 6 1 9 8 7 4 10 3 5 2 	8	178.90	77.47	23.43	88.98	368.78	false
0 6 1 9 8 7 4 3 10 5 2 	8	185.98	77.47	23.43	70.62	357.49	false
0 6 1 9 8 7 4 5 3 10 2 	8	179.42	77.47	26.02	93.29	376.19	false
0 6 1 9 8 7 4 2 3 5 10 	8	214.90	94.92	44.60	49.45	403.87	false
0 6 1 9 8 7 5 10 4 3 2 	8	196.51	77.47	20.00	83.07	377.05	false
0 6 1 9 8 7 5 4 10 3 2 	8	191.01	77.47	20.00	93.29	381.77	false
0 6 1 9 8 7 5 3 4 10 2 	8	214.88	77.47	23.43	76.00	391.78	false
0 6 1 9 8 7 5 2 4 3 10 	8	215.09	86.35	56.00	43.43	400.88	false
0 6 1 9 8 7 2 10 4 5 3 	8	251.10	86.35	20.00	47.59	405.05	false
0 6 1 9 8 7 2 4 10 5 3 	8	237.25	94.92	20.00	49.45	401.62	false
0 6 1 9 8 7 2 5 4 10 3 	8	225.84	86.35	20.52	43.43	376.15	false
0 6 1 9 8 7 2 3 4 5 10 	8	264.27	86.35	23.43	40.52	414.57	false
0 6 1 9 8 3 7 10 4 5 2 	6	172.04	59.94	23.43	111.54	366.95	false
0 6 1 9 8 10 3 7 4 5 2 	6	170.51	59.94	20.00	118.61	369.06	false
0 6 1 9 8 4 3 10 7 5 2 	6	150.53	59.94	20.00	132.06	362.53	false
0 6 1 9 8 5 3 10 4 7 2 	6	160.11	59.94	20.52	118.62	359.19	false
0 6 1 9 8 2 3 10 4 5 7 	6	171.87	59.94	44.60	90.37	366.78	false
0 6 1 9 3 8 7 10 4 5 2 	5	141.83	59.94	23.43	113.93	339.13	true
0 6 1 9 3 8 7 10 4 5 2 	6	186.77	59.94	5.39	111.54	363.63	false
0 6 1 9 3 7 8 10 4 5 2 	6	187.00	63.56	5.39	108.55	364.50	false
0 6 1 9 3 10 7 8 4 5 2 	6	165.26	59.94	20.00	93.93	339.13	true
0 6 1 9 3 10 7 8 4 5 2 	8	216.97	77.47	23.43	65.12	382.98	false
0 6 1 9 3 10 7 4 8 5 2 	8	238.00	63.56	20.52	77.61	399.69	false
0 6 1 9 3 10 7 5 4 8 2 	8	249.59	63.56	20.52	68.21	401.88	false
0 6 1 9 3 10 7 2 4 5 8 	8	260.35	63.56	44.60	43.95	412.45	false
0 6 1 9 3 10 8 7 4 5 2 	8	214.06	77.47	26.42	65.12	383.06	false
0 6 1 9 3 10 8 4 7 5 2 	8	232.10	59.94	20.52	82.61	395.18	false
0 6 1 9 3 10 8 5 4 7 2 	8	241.69	59.94	20.52	75.18	397.33	false
0 6 1 9 3 10 8 2 4 5 7 	8	253.45	59.94	44.60	46.94	404.93	false
0 6 1 9 3 10 4 8 7 5 2 	8	208.69	59.94	5.39	82.61	356.63	false
0 6 1 9 3 10 4 7 8 5 2 	8	211.68	63.56	5.39	77.61	358.24	false
0 6 1 9 3 10 4 5 7 8 2 	8	205.77	59.94	33.02	50.16	348.89	true
0 6 1 9 3 10 4 5 7 8 2 	9	243.79	63.56	5.39	44.78	357.51	false
0 6 1 9 3 10 4 5 8 7 2 	9	238.79	59.94	5.39	48.76	352.88	false
0 6 1 9 3 10 4 5 2 8 7 	9	250.37	59.94	44.78	5.39	360.48	false
0 6 1 9 3 10 4 2 7 5 8 	8	241.26	59.94	44.60	38.40	384.20	false
0 6 1 9 3 10 5 8 4 7 2 	8	224.29	59.94	5.39	75.18	364.80	false
0 6 1 9 3 10 5 4 8 7 2 	8	211.79	59.94	23.43	50.16	345.33	true
0 6 1 9 3 10 5 4 8 7 2 	9	235.22	59.94	5.39	48.76	349.32	true
0 6 1 9 3 10 5 4 8 7 2 	10	240.61	77.47	48.76	0.00	366.84	false
0 6 1 9 3 10 5 4 8 2 7 	10	280.00	59.94	48.76	0.00	388.71	false
0 6 1 9 3 10 5 4 7 8 2 	9	238.21	63.56	5.39	44.78	351.94	false
0 6 1 9 3 10 5 4 2 7 8 	9	267.79	59.94	44.78	5.39	377.90	false
0 6 1 9 3 10 5 7 4 8 2 	8	229.29	63.56	5.39	68.21	366.44	false
0 6 1 9 3 10 5 2 4 7 8 	8	235.87	59.94	44.78	28.82	369.41	false
0 6 1 9 3 10 2 8 4 5 7 	8	279.89	59.94	5.39	46.94	392.16	false
0 6 1 9 3 10 2 4 8 5 7 	8	291.11	59.94	20.52	38.40	409.97	false
0 6 1 9 3 10 2 5 4 8 7 	8	279.71	59.94	20.52	28.82	388.99	false
0 6 1 9 3 10 2 7 4 5 8 	8	283.88	63.56	5.39	43.95	396.77	false
0 6 1 9 3 4 7 10 8 5 2 	6	168.90	59.94	20.00	109.02	357.86	false
0 6 1 9 3 5 7 10 4 8 2 	6	186.21	59.94	20.52	93.59	360.26	false
0 6 1 9 3 2 7 10 4 5 8 	6	224.85	59.94	44.60	69.33	398.72	false
0 6 1 9 10 8 3 7 4 5 2 	5	153.23	59.94	20.00	121.01	354.17	false
0 6 1 9 4 8 3 10 7 5 2 	5	136.83	59.94	20.00	132.45	349.22	true
0 6 1 9 4 8 3 10 7 5 2 	6	160.26	59.94	5.39	132.06	357.65	false
0 6 1 9 4 3 8 10 7 5 2 	6	163.90	59.94	23.43	109.02	356.29	false
0 6 1 9 4 10 3 8 7 5 2 	6	156.83	59.94	23.43	127.38	367.58	false
0 6 1 9 4 7 3 10 8 5 2 	6	163.25	63.56	5.39	127.06	359.26	false
0 6 1 9 4 5 3 10 7 8 2 	6	157.35	59.94	26.02	117.01	360.32	false
0 6 1 9 4 2 3 10 7 5 8 	6	192.83	59.94	44.60	87.85	385.22	false
0 6 1 9 5 8 3 10 4 7 2 	5	154.74	59.94	20.52	117.02	352.23	false
0 6 1 9 2 8 3 10 4 5 7 	5	171.06	59.94	44.60	92.76	368.37	false
0 6 1 7 9 8 3 10 4 5 2 	4	86.48	60.88	5.39	157.47	310.21	true
0 6 1 7 9 8 3 10 4 5 2 	5	107.29	63.56	25.50	131.98	328.32	true
0 6 1 7 9 8 3 10 4 5 2 	6	132.78	77.47	23.43	108.55	342.23	true
0 6 1 7 9 8 3 10 4 5 2 	8	201.16	77.47	20.00	65.12	363.74	false
0 6 1 7 9 8 3 4 10 5 2 	8	204.80	77.47	20.00	70.62	372.89	false
0 6 1 7 9 8 3 5 4 10 2 	8	222.11	77.47	20.52	76.00	396.10	false
0 6 1 7 9 8 3 2 4 5 10 	8	260.75	86.35	44.60	40.52	432.22	false
0 6 1 7 9 8 10 3 4 5 2 	8	199.63	77.47	27.07	65.12	369.29	false
0 6 1 7 9 8 10 4 3 5 2 	8	196.20	77.47	20.52	88.98	383.17	false
0 6 1 7 9 8 10 5 4 3 2 	8	202.22	77.47	20.52	83.07	383.28	false
0 6 1 7 9 8 10 2 4 5 3 	8	246.06	86.35	44.60	47.59	424.60	false
0 6 1 7 9 8 4 10 3 5 2 	8	176.21	77.47	23.43	88.98	366.09	false
0 6 1 7 9 8 4 3 10 5 2 	8	183.29	77.47	23.43	70.62	354.80	false
0 6 1 7 9 8 4 5 3 10 2 	8	176.73	77.47	26.02	93.29	373.51	false
0 6 1 7 9 8 4 2 3 5 10 	8	212.21	94.92	44.60	49.45	401.18	false
0 6 1 7 9 8 5 10 4 3 2 	8	191.82	77.47	20.00	83.07	372.36	false
0 6 1 7 9 8 5 4 10 3 2 	8	186.32	77.47	20.00	93.29	377.07	false
0 6 1 7 9 8 5 3 4 10 2 	8	210.18	77.47	23.43	76.00	387.08	false
0 6 1 7 9 8 5 2 4 3 10 	8	210.40	86.35	56.00	43.43	396.18	false
0 6 1 7 9 8 2 10 4 5 3 	8	247.42	86.35	20.00	47.59	401.36	false
0 6 1 7 9 8 2 4 10 5 3 	8	233.56	94.92	20.00	49.45	397.93	false
0 6 1 7 9 8 2 5 4 10 3 	8	222.16	86.35	20.52	43.43	372.46	false
0 6 1 7 9 8 2 3 4 5 10 	8	260.58	86.35	23.43	40.52	410.89	false
0 6 1 7 9 3 8 10 4 5 2 	6	147.51	63.56	23.43	108.55	343.05	true
0 6 1 7 9 3 8 10 4 5 2 	8	235.87	77.47	20.00	65.12	398.46	false
0 6 1 7 9 3 8 4 10 5 2 	8	215.89	77.47	20.00	70.62	383.97	false
0 6 1 7 9 3 8 5 4 10 2 	8	225.47	77.47	20.52	76.00	399.46	false
0 6 1 7 9 3 8 2 4 5 10 	8	237.23	86.35	44.60	40.52	408.70	false
0 6 1 7 9 3 10 8 4 5 2 	8	214.36	77.47	23.43	65.12	380.37	false
0 6 1 7 9 3 10 4 8 5 2 	8	190.94	63.56	20.52	77.61	352.64	false
0 6 1 7 9 3 10 5 4 8 2 	8	196.96	63.56	20.52	68.21	349.25	true
0 6 1 7 9 3 10 5 4 8 2 	9	217.48	63.56	23.43	44.78	349.25	true
0 6 1 7 9 3 10 5 4 8 2 	10	240.91	77.47	44.78	0.00	363.16	false
0 6 1 7 9 3 10 5 4 2 8 	10	273.48	63.56	44.78	0.00	381.82	false
0 6 1 7 9 3 10 5 8 4 2 	9	229.98	77.47	23.43	56.00	386.87	false
0 6 1 7 9 3 10 5 2 8 4 	9	241.56	63.56	44.78	23.43	373.33	false
0 6 1 7 9 3 10 2 4 5 8 	8	240.80	63.56	44.60	43.95	392.91	false
0 6 1 7 9 3 4 10 8 5 2 	8	194.59	63.56	26.02	77.61	361.78	false
0 6 1 7 9 3 4 8 10 5 2 	8	198.02	77.47	33.02	70.62	379.12	false
0 6 1 7 9 3 4 5 8 10 2 	8	195.10	63.56	26.02	88.19	372.88	false
0 6 1 7 9 3 4 2 8 5 10 	8	230.59	63.56	44.60	59.03	397.78	false
0 6 1 7 9 3 5 10 4 8 2 	8	217.92	63.56	20.00	68.21	369.69	false
0 6 1 7 9 3 5 4 10 8 2 	8	212.42	63.56	20.00	88.19	384.17	false
0 6 1 7 9 3 5 8 4 10 2 	8	224.91	77.47	23.43	76.00	401.81	false
0 6 1 7 9 3 5 2 4 8 10 	8	236.50	63.56	44.78	43.43	388.26	false
0 6 1 7 9 3 2 10 4 5 8 	8	300.39	63.56	20.00	43.95	427.90	false
0 6 1 7 9 3 2 4 10 5 8 	8	286.54	63.56	20.00	59.03	429.13	false
0 6 1 7 9 3 2 5 4 10 8 	8	275.14	63.56	20.52	43.43	402.65	false
0 6 1 7 9 3 2 8 4 5 10 	8	275.31	86.35	23.43	40.52	425.62	false
0 6 1 7 9 10 3 8 4 5 2 	6	158.91	63.56	20.00	115.62	358.09	false
0 6 1 7 9 4 3 10 8 5 2 	6	142.52	63.56	20.00	127.06	353.14	false
0 6 1 7 9 5 3 10 4 8 2 	6	160.43	63.56	20.52	111.64	356.15	false
0 6 1 7 9 2 3 10 4 5 8 	6	176.75	63.56	44.60	87.38	372.29	false
0 6 1 7 8 9 3 10 4 5 2 	5	91.86	60.88	23.43	143.78	319.95	true
0 6 1 7 8 9 3 10 4 5 2 	6	117.36	77.47	35.23	108.55	338.60	true
0 6 1 7 8 9 3 10 4 5 2 	8	181.02	77.47	20.00	65.12	343.60	true
0 6 1 7 8 9 3 10 4 5 2 	9	201.02	77.47	20.52	44.60	343.60	true
0 6 1 7 8 9 3 10 4 5 2 	10	221.53	77.47	44.60	0.00	343.60	true
0 6 1 7 8 9 3 10 4 2 5 	10	257.02	94.92	44.60	0.00	396.53	false
0 6 1 7 8 9 3 10 5 4 2 	9	207.03	77.47	20.52	56.00	361.02	false
0 6 1 7 8 9 3 10 2 5 4 	9	250.87	86.35	44.60	20.52	402.34	false
0 6 1 7 8 9 3 4 10 5 2 	8	184.66	77.47	20.00	70.62	352.74	false
0 6 1 7 8 9 3 5 4 10 2 	8	201.97	77.47	20.52	76.00	375.95	false
0 6 1 7 8 9 3 2 4 5 10 	8	240.61	86.35	44.60	40.52	412.08	false
0 6 1 7 8 9 10 3 4 5 2 	8	192.41	77.47	27.07	65.12	362.07	false
0 6 1 7 8 9 10 4 3 5 2 	8	188.98	77.47	20.52	88.98	375.95	false
0 6 1 7 8 9 10 5 4 3 2 	8	195.00	77.47	20.52	83.07	376.06	false
0 6 1 7 8 9 10 2 4 5 3 	8	238.84	86.35	44.60	47.59	417.38	false
0 6 1 7 8 9 4 10 3 5 2 	8	172.59	77.47	23.43	88.98	362.47	false
0 6 1 7 8 9 4 3 10 5 2 	8	179.66	77.47	23.43	70.62	351.18	false
0 6 1 7 8 9 4 5 3 10 2 	8	173.11	77.47	26.02	93.29	369.88	false
0 6 1 7 8 9 4 2 3 5 10 	8	208.59	94.92	44.60	49.45	397.56	false
0 6 1 7 8 9 5 10 4 3 2 	8	196.52	77.47	20.00	83.07	377.06	false
0 6 1 7 8 9 5 4 10 3 2 	8	191.02	77.47	20.00	93.29	381.77	false
0 6 1 7 8 9 5 3 4 10 2 	8	214.89	77.47	23.43	76.00	391.78	false
0 6 1 7 8 9 5 2 4 3 10 	8	215.10	86.35	56.00	43.43	400.88	false
0 6 1 7 8 9 2 10 4 5 3 	8	256.68	86.35	20.00	47.59	410.63	false
0 6 1 7 8 9 2 4 10 5 3 	8	242.82	94.92	20.00	49.45	407.19	false
0 6 1 7 8 9 2 5 4 10 3 	8	231.42	86.35	20.52	43.43	381.72	false
0 6 1 7 8 9 2 3 4 5 10 	8	269.85	86.35	23.43	40.52	420.15	false
0 6 1 7 8 3 9 10 4 5 2 	6	136.81	60.88	23.43	120.34	341.46	true
0 6 1 7 8 3 9 10 4 5 2 	8	228.66	77.47	20.00	65.12	391.24	false
0 6 1 7 8 3 9 4 10 5 2 	8	212.26	77.47	20.00	70.62	380.35	false
0 6 1 7 8 3 9 5 4 10 2 	8	230.17	77.47	20.52	76.00	404.16	false
0 6 1 7 8 3 9 2 4 5 10 	8	246.50	86.35	44.60	40.52	417.97	false
0 6 1 7 8 3 10 9 4 5 2 	8	211.86	77.47	35.23	65.12	389.67	false
0 6 1 7 8 3 10 4 9 5 2 	8	180.24	60.88	20.52	97.74	359.37	false
0 6 1 7 8 3 10 5 4 9 2 	8	186.26	60.88	20.52	91.23	358.88	false
0 6 1 7 8 3 10 2 4 5 9 	8	230.10	60.88	44.60	55.75	391.32	false
0 6 1 7 8 3 4 10 9 5 2 	8	183.88	60.88	26.02	97.74	368.52	false
0 6 1 7 8 3 4 9 10 5 2 	8	199.11	77.47	51.62	70.62	398.82	false
0 6 1 7 8 3 4 5 9 10 2 	8	184.40	60.88	26.02	121.09	392.38	false
0 6 1 7 8 3 4 2 9 5 10 	8	219.88	60.88	44.60	77.64	403.00	false
0 6 1 7 8 3 5 10 4 9 2 	8	207.21	60.88	20.00	91.23	379.32	false
0 6 1 7 8 3 5 4 10 9 2 	8	201.71	60.88	20.00	121.09	403.68	false
0 6 1 7 8 3 5 9 4 10 2 	8	234.34	77.47	35.23	76.00	423.03	false
0 6 1 7 8 3 5 2 4 9 10 	8	225.79	60.88	56.00	55.23	397.90	false
0 6 1 7 8 3 2 10 4 5 9 	8	289.69	60.88	20.00	55.75	426.31	false
0 6 1 7 8 3 2 4 10 5 9 	8	275.83	60.88	20.00	77.64	434.35	false
0 6 1 7 8 3 2 5 4 10 9 	8	264.43	60.88	20.52	55.23	401.05	false
0 6 1 7 8 3 2 9 4 5 10 	8	289.30	86.35	35.23	40.52	451.40	false
0 6 1 7 8 10 3 9 4 5 2 	6	135.28	60.88	20.00	127.42	343.58	true
0 6 1 7 8 10 3 9 4 5 2 	8	198.94	77.47	35.23	65.12	376.75	false
0 6 1 7 8 10 3 4 9 5 2 	8	185.79	60.88	20.52	97.74	364.92	false
0 6 1 7 8 10 3 5 4 9 2 	8	203.10	60.88	20.52	91.23	375.72	false
0 6 1 7 8 10 3 2 4 5 9 	8	241.74	60.88	44.60	55.75	402.96	false
0 6 1 7 8 10 9 3 4 5 2 	8	227.13	77.47	27.07	65.12	396.79	false
0 6 1 7 8 10 9 4 3 5 2 	8	222.13	77.47	20.52	88.98	409.10	false
0 6 1 7 8 10 9 5 4 3 2 	8	240.05	77.47	20.52	83.07	421.10	false
0 6 1 7 8 10 9 2 4 5 3 	8	256.37	86.35	44.60	47.59	434.91	false
0 6 1 7 8 10 4 9 3 5 2 	8	190.51	77.47	40.22	88.98	397.18	false
0 6 1 7 8 10 4 3 9 5 2 	8	182.36	60.88	40.22	97.74	381.20	false
0 6 1 7 8 10 4 5 3 9 2 	8	175.80	60.88	44.38	109.69	390.75	false
0 6 1 7 8 10 4 2 3 5 9 	8	211.28	60.88	44.60	84.61	401.37	false
0 6 1 7 8 10 5 9 4 3 2 	8	214.44	77.47	35.23	83.07	410.21	false
0 6 1 7 8 10 5 4 9 3 2 	8	181.82	60.88	27.07	109.69	379.46	false
0 6 1 7 8 10 5 3 4 9 2 	8	205.69	60.88	27.07	91.23	384.86	false
0 6 1 7 8 10 5 2 4 3 9 	8	205.90	60.88	56.00	62.30	385.08	false
0 6 1 7 8 10 2 9 4 5 3 	8	274.60	86.35	35.23	47.59	443.77	false
0 6 1 7 8 10 2 4 9 5 3 	8	261.14	60.88	20.52	84.61	427.14	false
0 6 1 7 8 10 2 5 4 9 3 	8	249.74	60.88	20.52	62.30	393.43	false
0 6 1 7 8 10 2 3 4 5 9 	8	288.16	60.88	27.07	55.75	431.86	false
0 6 1 7 8 4 3 10 9 5 2 	6	115.30	60.88	20.00	134.27	330.45	true
0 6 1 7 8 4 3 10 9 5 2 	8	165.80	60.88	26.02	97.74	350.44	false
0 6 1 7 8 4 3 9 10 5 2 	8	182.59	77.47	51.62	70.62	382.30	false
0 6 1 7 8 4 3 5 9 10 2 	8	186.75	60.88	26.02	121.09	394.74	false
0 6 1 7 8 4 3 2 9 5 10 	8	225.39	60.88	44.60	77.64	408.51	false
0 6 1 7 8 4 10 3 9 5 2 	8	158.73	60.88	40.22	97.74	357.57	false
0 6 1 7 8 4 10 9 3 5 2 	8	186.92	77.47	40.22	88.98	393.59	false
0 6 1 7 8 4 10 5 9 3 2 	8	161.31	60.88	44.38	109.69	376.26	false
0 6 1 7 8 4 10 2 9 5 3 	8	205.15	60.88	44.60	84.61	395.24	false
0 6 1 7 8 4 9 10 3 5 2 	8	202.15	77.47	23.43	88.98	392.03	false
0 6 1 7 8 4 9 3 10 5 2 	8	190.75	77.47	23.43	70.62	362.26	false
0 6 1 7 8 4 9 5 3 10 2 	8	203.66	77.47	26.02	93.29	400.44	false
0 6 1 7 8 4 9 2 3 5 10 	8	219.99	94.92	44.60	49.45	408.95	false
0 6 1 7 8 4 5 10 9 3 2 	8	161.83	60.88	23.43	109.69	355.83	false
0 6 1 7 8 4 5 9 10 3 2 	8	188.96	77.47	40.22	93.29	399.93	false
0 6 1 7 8 4 5 3 9 10 2 	8	180.20	60.88	23.43	121.09	385.59	false
0 6 1 7 8 4 5 2 9 3 10 	8	180.41	60.88	69.46	63.66	374.41	false
0 6 1 7 8 4 2 10 9 5 3 	8	241.15	60.88	23.43	84.61	410.07	false
0 6 1 7 8 4 2 9 10 5 3 	8	240.76	94.92	40.22	49.45	425.35	false
0 6 1 7 8 4 2 5 9 10 3 	8	215.89	60.88	26.02	63.66	366.45	false
0 6 1 7 8 4 2 3 9 5 10 	8	254.32	60.88	23.43	77.64	416.27	false
0 6 1 7 8 5 3 10 4 9 2 	6	124.88	60.88	20.52	134.66	340.93	true
0 6 1 7 8 5 3 10 4 9 2 	8	192.70	60.88	20.00	91.23	364.80	false
0 6 1 7 8 5 3 4 10 9 2 	8	196.34	60.88	20.00	121.09	398.30	false
0 6 1 7 8 5 3 9 4 10 2 	8	209.49	77.47	35.23	76.00	398.18	false
0 6 1 7 8 5 3 2 4 9 10 	8	252.29	60.88	56.00	55.23	424.39	false
0 6 1 7 8 5 10 3 4 9 2 	8	174.33	60.88	27.07	91.23	353.51	false
0 6 1 7 8 5 10 4 3 9 2 	8	170.90	60.88	27.07	109.69	368.54	false
0 6 1 7 8 5 10 9 4 3 2 	8	202.52	77.47	35.23	83.07	398.29	false
0 6 1 7 8 5 10 2 4 9 3 	8	220.76	60.88	56.00	62.30	399.93	false
0 6 1 7 8 5 4 10 3 9 2 	8	165.40	60.88	23.43	109.69	359.39	false
0 6 1 7 8 5 4 3 10 9 2 	8	172.47	60.88	23.43	121.09	377.87	false
0 6 1 7 8 5 4 9 3 10 2 	8	180.63	77.47	40.22	93.29	391.60	false
0 6 1 7 8 5 4 2 3 9 10 	8	201.40	60.88	69.46	63.66	395.39	false
0 6 1 7 8 5 9 10 4 3 2 	8	229.64	77.47	20.00	83.07	410.19	false
0 6 1 7 8 5 9 4 10 3 2 	8	213.25	77.47	20.00	93.29	404.00	false
0 6 1 7 8 5 9 3 4 10 2 	8	218.25	77.47	23.43	76.00	395.14	false
0 6 1 7 8 5 9 2 4 3 10 	8	247.48	86.35	56.00	43.43	433.27	false
0 6 1 7 8 5 2 10 4 9 3 	8	239.34	60.88	20.00	62.30	382.51	false
0 6 1 7 8 5 2 4 10 9 3 	8	225.48	60.88	20.00	63.66	370.01	false
0 6 1 7 8 5 2 9 4 10 3 	8	238.94	86.35	35.23	43.43	403.95	false
0 6 1 7 8 5 2 3 4 9 10 	8	252.50	60.88	23.43	55.23	392.04	false
0 6 1 7 8 2 3 10 4 5 9 	6	136.64	60.88	44.60	99.18	341.29	true
0 6 1 7 8 2 3 10 4 5 9 	8	243.10	60.88	20.00	55.75	379.72	false
0 6 1 7 8 2 3 4 10 5 9 	8	246.74	60.88	20.00	77.64	405.26	false
0 6 1 7 8 2 3 5 4 10 9 	8	264.05	60.88	20.52	55.23	400.67	false
0 6 1 7 8 2 3 9 4 5 10 	8	259.89	86.35	35.23	40.52	421.99	false
0 6 1 7 8 2 10 3 4 5 9 	8	229.93	60.88	27.07	55.75	373.63	false
0 6 1 7 8 2 10 4 3 5 9 	8	226.50	60.88	20.52	84.61	392.50	false
0 6 1 7 8 2 10 5 4 3 9 	8	232.52	60.88	20.52	62.30	376.22	false
0 6 1 7 8 2 10 9 4 5 3 	8	258.12	86.35	35.23	47.59	427.30	false
0 6 1 7 8 2 4 10 3 5 9 	8	212.64	60.88	23.43	84.61	381.56	false
0 6 1 7 8 2 4 3 10 5 9 	8	219.72	60.88	23.43	77.64	381.67	false
0 6 1 7 8 2 4 5 3 10 9 	8	213.16	60.88	26.02	63.66	363.71	false
0 6 1 7 8 2 4 9 3 5 10 	8	227.87	94.92	40.22	49.45	412.47	false
0 6 1 7 8 2 5 10 4 3 9 	8	207.26	60.88	20.00	62.30	350.44	false
0 6 1 7 8 2 5 4 10 3 9 	8	201.76	60.88	20.00	63.66	346.29	false
0 6 1 7 8 2 5 3 4 10 9 	8	225.62	60.88	23.43	55.23	365.16	false
0 6 1 7 8 2 5 9 4 3 10 	8	234.38	86.35	35.23	43.43	399.39	false
0 6 1 7 8 2 9 10 4 5 3 	8	257.73	86.35	20.00	47.59	411.67	false
0 6 1 7 8 2 9 4 10 5 3 	8	241.33	94.92	20.00	49.45	405.70	false
0 6 1 7 8 2 9 5 4 10 3 	8	259.25	86.35	20.52	43.43	409.55	false
0 6 1 7 8 2 9 3 4 5 10 	8	246.33	86.35	23.43	40.52	396.63	false
0 6 1 7 3 8 9 10 4 5 2 	5	131.66	60.88	23.43	134.04	350.01	false
0 6 1 7 10 8 3 9 4 5 2 	5	132.80	60.88	20.00	141.12	354.80	false
0 6 1 7 4 8 3 10 9 5 2 	5	112.90	60.88	20.00	152.56	346.33	false
0 6 1 7 5 8 3 10 4 9 2 	5	124.49	60.88	20.52	137.13	343.02	true
0 6 1 7 5 8 3 10 4 9 2 	6	157.51	60.88	23.43	134.66	376.47	false
0 6 1 7 5 3 8 10 4 9 2 	6	168.88	60.88	23.43	113.70	366.89	false
0 6 1 7 5 10 3 8 4 9 2 	6	150.51	60.88	20.00	120.78	352.17	false
0 6 1 7 5 4 3 10 8 9 2 	6	145.01	60.88	20.00	133.93	359.82	false
0 6 1 7 5 9 3 10 4 8 2 	6	177.63	63.56	25.50	111.64	378.33	false
0 6 1 7 5 2 3 10 4 9 8 	6	169.09	60.88	44.78	92.36	367.10	false
0 6 1 7 2 8 3 10 4 5 9 	5	135.24	60.88	44.60	112.87	353.59	false
0 6 1 8 7 9 3 10 4 5 2 	4	87.01	59.94	5.39	155.78	308.12	true
0 6 1 8 7 9 3 10 4 5 2 	5	92.40	60.88	20.81	143.78	317.86	true
0 6 1 8 7 9 3 10 4 5 2 	6	113.21	77.47	35.23	108.55	334.45	true
0 6 1 8 7 9 3 10 4 5 2 	8	176.86	77.47	20.00	65.12	339.44	true
0 6 1 8 7 9 3 10 4 5 2 	9	196.86	77.47	20.52	44.60	339.44	true
0 6 1 8 7 9 3 10 4 5 2 	10	217.38	77.47	44.60	0.00	339.44	true
0 6 1 8 7 9 3 10 4 2 5 	10	252.86	94.92	44.60	0.00	392.38	false
0 6 1 8 7 9 3 10 5 4 2 	9	202.88	77.47	20.52	56.00	356.87	false
0 6 1 8 7 9 3 10 2 5 4 	9	246.72	86.35	44.60	20.52	398.19	false
0 6 1 8 7 9 3 4 10 5 2 	8	180.51	77.47	20.00	70.62	348.59	false
0 6 1 8 7 9 3 5 4 10 2 	8	197.82	77.47	20.52	76.00	371.80	false
0 6 1 8 7 9 3 2 4 5 10 	8	236.46	86.35	44.60	40.52	407.93	false
0 6 1 8 7 9 10 3 4 5 2 	8	188.26	77.47	27.07	65.12	357.92	false
0 6 1 8 7 9 10 4 3 5 2 	8	184.83	77.47	20.52	88.98	371.80	false
0 6 1 8 7 9 10 5 4 3 2 	8	190.85	77.47	20.52	83.07	371.91	false
0 6 1 8 7 9 10 2 4 5 3 	8	234.69	86.35	44.60	47.59	413.23	false
0 6 1 8 7 9 4 10 3 5 2 	8	168.43	77.47	23.43	88.98	358.31	false
0 6 1 8 7 9 4 3 10 5 2 	8	175.51	77.47	23.43	70.62	347.02	false
0 6 1 8 7 9 4 5 3 10 2 	8	168.95	77.47	26.02	93.29	365.73	false
0 6 1 8 7 9 4 2 3 5 10 	8	204.43	94.92	44.60	49.45	393.40	false
0 6 1 8 7 9 5 10 4 3 2 	8	192.37	77.47	20.00	83.07	372.91	false
0 6 1 8 7 9 5 4 10 3 2 	8	186.87	77.47	20.00	93.29	377.62	false
0 6 1 8 7 9 5 3 4 10 2 	8	210.73	77.47	23.43	76.00	387.63	false
0 6 1 8 7 9 5 2 4 3 10 	8	210.95	86.35	56.00	43.43	396.73	false
0 6 1 8 7 9 2 10 4 5 3 	8	252.53	86.35	20.00	47.59	406.47	false
0 6 1 8 7 9 2 4 10 5 3 	8	238.67	94.92	20.00	49.45	403.04	false
0 6 1 8 7 9 2 5 4 10 3 	8	227.27	86.35	20.52	43.43	377.57	false
0 6 1 8 7 9 2 3 4 5 10 	8	265.69	86.35	23.43	40.52	416.00	false
0 6 1 8 7 3 9 10 4 5 2 	6	137.58	60.88	23.43	120.34	342.23	false
0 6 1 8 7 10 3 9 4 5 2 	6	138.72	60.88	20.00	127.42	347.02	false
0 6 1 8 7 4 3 10 9 5 2 	6	118.82	60.88	20.00	134.27	333.97	true
0 6 1 8 7 4 3 10 9 5 2 	8	169.32	60.88	26.02	97.74	353.96	false
0 6 1 8 7 4 3 9 10 5 2 	8	186.12	77.47	51.62	70.62	385.82	false
0 6 1 8 7 4 3 5 9 10 2 	8	190.28	60.88	26.02	121.09	398.26	false
0 6 1 8 7 4 3 2 9 5 10 	8	228.92	60.88	44.60	77.64	412.03	false
0 6 1 8 7 4 10 3 9 5 2 	8	162.25	60.88	40.22	97.74	361.09	false
0 6 1 8 7 4 10 9 3 5 2 	8	190.44	77.47	40.22	88.98	397.11	false
0 6 1 8 7 4 10 5 9 3 2 	8	164.84	60.88	44.38	109.69	379.79	false
0 6 1 8 7 4 10 2 9 5 3 	8	208.67	60.88	44.60	84.61	398.76	false
0 6 1 8 7 4 9 10 3 5 2 	8	205.67	77.47	23.43	88.98	395.55	false
0 6 1 8 7 4 9 3 10 5 2 	8	194.27	77.47	23.43	70.62	365.78	false
0 6 1 8 7 4 9 5 3 10 2 	8	207.19	77.47	26.02	93.29	403.96	false
0 6 1 8 7 4 9 2 3 5 10 	8	223.51	94.92	44.60	49.45	412.48	false
0 6 1 8 7 4 5 10 9 3 2 	8	165.36	60.88	23.43	109.69	359.35	false
0 6 1 8 7 4 5 9 10 3 2 	8	192.48	77.47	40.22	93.29	403.46	false
0 6 1 8 7 4 5 3 9 10 2 	8	183.72	60.88	23.43	121.09	389.11	false
0 6 1 8 7 4 5 2 9 3 10 	8	183.93	60.88	69.46	63.66	377.93	false
0 6 1 8 7 4 2 10 9 5 3 	8	244.67	60.88	23.43	84.61	413.59	false
0 6 1 8 7 4 2 9 10 5 3 	8	244.28	94.92	40.22	49.45	428.88	false
0 6 1 8 7 4 2 5 9 10 3 	8	219.42	60.88	26.02	63.66	369.97	false
0 6 1 8 7 4 2 3 9 5 10 	8	257.84	60.88	23.43	77.64	419.79	false
0 6 1 8 7 5 3 10 4 9 2 	6	130.41	60.88	20.52	134.66	346.47	false
0 6 1 8 7 2 3 10 4 5 9 	6	141.16	60.88	44.60	99.18	345.81	false
0 6 1 8 9 7 3 10 4 5 2 	5	112.51	59.94	20.81	134.97	328.23	true
0 6 1 8 9 7 3 10 4 5 2 	6	133.32	77.47	26.42	108.55	345.75	false
0 6 1 8 9 3 7 10 4 5 2 	6	152.73	59.94	23.43	111.54	347.64	false
0 6 1 8 9 10 3 7 4 5 2 	6	164.13	59.94	20.00	118.61	362.68	false
0 6 1 8 9 4 3 10 7 5 2 	6	147.74	59.94	20.00	132.06	359.74	false
0 6 1 8 9 5 3 10 4 7 2 	6	165.65	59.94	20.52	118.62	364.72	false
0 6 1 8 9 2 3 10 4 5 7 	6	181.97	59.94	44.60	90.37	376.88	false
0 6 1 8 3 9 7 10 4 5 2 	5	131.96	59.94	23.43	132.34	347.67	false
0 6 1 8 10 9 3 7 4 5 2 	5	130.43	59.94	20.00	139.42	349.79	false
0 6 1 8 4 9 3 10 7 5 2 	5	110.44	59.94	20.00	152.87	343.26	false
0 6 1 8 5 9 3 10 4 7 2 	5	120.03	59.94	20.52	139.42	339.91	false
0 6 1 8 2 9 3 10 4 5 7 	5	131.79	59.94	44.60	111.18	347.51	false
0 6 1 3 7 8 9 10 4 5 2 	4	131.57	59.94	23.43	134.74	349.68	false
0 6 1 10 7 8 3 9 4 5 2 	4	129.56	59.94	20.00	141.82	351.32	false
0 6 1 4 7 8 3 10 9 5 2 	4	109.88	59.94	20.00	153.26	343.08	false
0 6 1 5 7 8 3 10 4 9 2 	4	113.22	59.94	20.52	137.83	331.51	true
0 6 1 5 7 8 3 10 4 9 2 	5	151.23	60.88	5.39	137.13	354.63	false
0 6 1 5 8 7 3 10 4 9 2 	5	146.23	59.94	5.39	139.42	350.99	false
0 6 1 5 3 8 7 10 4 9 2 	5	157.60	59.94	23.43	114.40	355.38	false
0 6 1 5 10 8 3 7 4 9 2 	5	139.24	59.94	20.00	121.48	340.66	false
0 6 1 5 4 8 3 10 7 9 2 	5	133.74	59.94	20.00	134.63	348.31	false
0 6 1 5 9 8 3 10 4 7 2 	5	166.36	59.94	20.81	117.02	364.14	false
0 6 1 5 2 8 3 10 4 9 7 	5	157.82	59.94	44.78	93.06	355.59	false
0 6 1 2 7 8 3 10 4 5 9 	4	97.14	59.94	44.60	113.57	315.26	true
0 6 1 2 7 8 3 10 4 5 9 	5	145.91	60.88	5.39	112.87	325.05	true
0 6 1 2 7 8 3 10 4 5 9 	6	151.29	60.88	23.43	99.18	334.78	true
0 6 1 2 7 8 3 10 4 5 9 	8	219.67	60.88	20.00	55.75	356.29	false
0 6 1 2 7 8 3 4 10 5 9 	8	223.31	60.88	20.00	77.64	381.83	false
0 6 1 2 7 8 3 5 4 10 9 	8	240.62	60.88	20.52	55.23	377.25	false
0 6 1 2 7 8 3 9 4 5 10 	8	236.46	86.35	35.23	40.52	398.56	false
0 6 1 2 7 8 10 3 4 5 9 	8	218.14	60.88	27.07	55.75	361.84	false
0 6 1 2 7 8 10 4 3 5 9 	8	214.71	60.88	20.52	84.61	380.71	false
0 6 1 2 7 8 10 5 4 3 9 	8	220.73	60.88	20.52	62.30	364.43	false
0 6 1 2 7 8 10 9 4 5 3 	8	246.33	86.35	35.23	47.59	415.51	false
0 6 1 2 7 8 4 10 3 5 9 	8	194.72	60.88	23.43	84.61	363.64	false
0 6 1 2 7 8 4 3 10 5 9 	8	201.80	60.88	23.43	77.64	363.75	false
0 6 1 2 7 8 4 5 3 10 9 	8	195.24	60.88	26.02	63.66	345.79	false
0 6 1 2 7 8 4 9 3 5 10 	8	209.95	94.92	40.22	49.45	394.55	false
0 6 1 2 7 8 5 10 4 3 9 	8	210.33	60.88	20.00	62.30	353.51	false
0 6 1 2 7 8 5 4 10 3 9 	8	204.83	60.88	20.00	63.66	349.36	false
0 6 1 2 7 8 5 3 4 10 9 	8	228.69	60.88	23.43	55.23	368.23	false
0 6 1 2 7 8 5 9 4 3 10 	8	237.45	86.35	35.23	43.43	402.46	false
0 6 1 2 7 8 9 10 4 5 3 	8	228.41	86.35	20.00	47.59	382.36	false
0 6 1 2 7 8 9 4 10 5 3 	8	212.02	94.92	20.00	49.45	376.39	false
0 6 1 2 7 8 9 5 4 10 3 	8	229.93	86.35	20.52	43.43	380.23	false
0 6 1 2 7 8 9 3 4 5 10 	8	217.01	86.35	23.43	40.52	367.32	false
0 6 1 2 7 3 8 10 4 5 9 	6	191.09	60.88	23.43	89.44	364.84	false
0 6 1 2 7 10 3 8 4 5 9 	6	192.23	60.88	20.00	96.52	369.63	false
0 6 1 2 7 4 3 10 8 5 9 	6	172.33	60.88	20.00	107.96	361.17	false
0 6 1 2 7 5 3 10 4 8 9 	6	183.92	60.88	20.52	92.36	357.67	false
0 6 1 2 7 9 3 10 4 5 8 	6	166.72	63.56	25.50	87.38	343.15	false
0 6 1 2 8 7 3 10 4 5 9 	5	141.92	59.94	5.39	111.18	318.43	true
0 6 1 2 8 7 3 10 4 5 9 	6	147.31	60.88	20.81	99.18	328.17	true
0 6 1 2 8 7 3 10 4 5 9 	8	215.91	60.88	20.00	55.75	352.54	false
0 6 1 2 8 7 3 4 10 5 9 	8	219.56	60.88	20.00	77.64	378.08	false
0 6 1 2 8 7 3 5 4 10 9 	8	236.87	60.88	20.52	55.23	373.49	false
0 6 1 2 8 7 3 9 4 5 10 	8	232.71	86.35	35.23	40.52	394.81	false
0 6 1 2 8 7 10 3 4 5 9 	8	217.06	60.88	27.07	55.75	360.76	false
0 6 1 2 8 7 10 4 3 5 9 	8	213.63	60.88	20.52	84.61	379.64	false
0 6 1 2 8 7 10 5 4 3 9 	8	219.65	60.88	20.52	62.30	363.35	false
0 6 1 2 8 7 10 9 4 5 3 	8	245.25	86.35	35.23	47.59	414.43	false
0 6 1 2 8 7 4 10 3 5 9 	8	193.73	60.88	23.43	84.61	362.64	false
0 6 1 2 8 7 4 3 10 5 9 	8	200.80	60.88	23.43	77.64	362.75	false
0 6 1 2 8 7 4 5 3 10 9 	8	194.24	60.88	26.02	63.66	344.80	false
0 6 1 2 8 7 4 9 3 5 10 	8	208.95	94.92	40.22	49.45	393.55	false
0 6 1 2 8 7 5 10 4 3 9 	8	211.34	60.88	20.00	62.30	354.52	false
0 6 1 2 8 7 5 4 10 3 9 	8	205.84	60.88	20.00	63.66	350.37	false
0 6 1 2 8 7 5 3 4 10 9 	8	229.70	60.88	23.43	55.23	369.24	false
0 6 1 2 8 7 5 9 4 3 10 	8	238.46	86.35	35.23	43.43	403.47	false
0 6 1 2 8 7 9 10 4 5 3 	8	219.74	86.35	20.00	47.59	373.68	false
0 6 1 2 8 7 9 4 10 5 3 	8	203.34	94.92	20.00	49.45	367.71	false
0 6 1 2 8 7 9 5 4 10 3 	8	221.26	86.35	20.52	43.43	371.56	false
0 6 1 2 8 7 9 3 4 5 10 	8	208.34	86.35	23.43	40.52	358.64	false
0 6 1 2 8 3 7 10 4 5 9 	6	186.87	59.94	23.43	87.75	357.98	false
0 6 1 2 8 10 3 7 4 5 9 	6	185.34	59.94	20.00	94.82	360.10	false
0 6 1 2 8 4 3 10 7 5 9 	6	165.35	59.94	20.00	108.27	353.57	false
0 6 1 2 8 5 3 10 4 7 9 	6	174.94	59.94	20.52	90.66	346.06	false
0 6 1 2 8 9 3 10 4 5 7 	6	167.42	59.94	20.81	90.37	338.54	true
0 6 1 2 8 9 3 10 4 5 7 	8	231.07	59.94	20.00	46.94	357.95	false
0 6 1 2 8 9 3 4 10 5 7 	8	234.71	59.94	20.00	64.03	378.69	false
0 6 1 2 8 9 3 5 4 10 7 	8	252.03	59.94	20.52	46.42	378.90	false
0 6 1 2 8 9 3 7 4 5 10 	8	252.82	86.35	26.42	40.52	406.11	false
0 6 1 2 8 9 10 3 4 5 7 	8	242.47	59.94	27.07	46.94	376.42	false
0 6 1 2 8 9 10 4 3 5 7 	8	239.04	59.94	20.52	82.40	401.90	false
0 6 1 2 8 9 10 5 4 3 7 	8	245.06	59.94	20.52	53.49	379.01	false
0 6 1 2 8 9 10 7 4 5 3 	8	265.36	86.35	26.42	47.59	425.73	false
0 6 1 2 8 9 4 10 3 5 7 	8	222.64	59.94	23.43	82.40	388.41	false
0 6 1 2 8 9 4 3 10 5 7 	8	229.72	59.94	23.43	64.03	377.12	false
0 6 1 2 8 9 4 5 3 10 7 	8	223.16	59.94	26.02	68.61	377.73	false
0 6 1 2 8 9 4 7 3 5 10 	8	229.06	94.92	38.01	49.45	411.45	false
0 6 1 2 8 9 5 10 4 3 7 	8	246.58	59.94	20.00	53.49	380.01	false
0 6 1 2 8 9 5 4 10 3 7 	8	241.08	59.94	20.00	68.61	389.63	false
0 6 1 2 8 9 5 3 4 10 7 	8	264.94	59.94	23.43	46.42	394.73	false
0 6 1 2 8 9 5 7 4 3 10 	8	258.57	86.35	26.42	43.43	414.77	false
0 6 1 2 8 9 7 10 4 5 3 	8	234.55	86.35	20.00	47.59	388.50	false
0 6 1 2 8 9 7 4 10 5 3 	8	214.64	94.92	20.00	49.45	379.02	false
0 6 1 2 8 9 7 5 4 10 3 	8	226.24	86.35	20.52	43.43	376.54	false
0 6 1 2 8 9 7 3 4 5 10 	8	233.40	86.35	23.43	40.52	383.71	false
0 6 1 2 3 8 7 10 4 5 9 	5	180.17	59.94	23.43	90.14	353.68	false
0 6 1 2 10 8 3 7 4 5 9 	5	167.00	59.94	20.00	97.22	344.16	false
0 6 1 2 4 8 3 10 7 5 9 	5	153.14	59.94	20.00	108.66	341.74	false
0 6 1 2 5 8 3 10 4 7 9 	5	141.74	59.94	20.52	93.06	315.26	true
0 6 1 2 5 8 3 10 4 7 9 	6	174.76	59.94	5.39	90.66	330.74	true
0 6 1 2 5 8 3 10 4 7 9 	8	243.13	59.94	20.00	47.23	370.30	false
0 6 1 2 5 8 3 4 10 7 9 	8	246.78	59.94	20.00	67.13	393.85	false
0 6 1 2 5 8 3 7 4 10 9 	8	264.88	60.88	20.81	55.23	401.79	false
0 6 1 2 5 8 3 9 4 7 10 	8	259.93	59.94	20.81	46.42	387.10	false
0 6 1 2 5 8 10 3 4 7 9 	8	241.60	59.94	27.07	47.23	375.85	false
0 6 1 2 5 8 10 4 3 7 9 	8	238.17	59.94	26.42	61.03	385.57	false
0 6 1 2 5 8 10 7 4 3 9 	8	264.50	60.88	20.81	62.30	408.49	false
0 6 1 2 5 8 10 9 4 7 3 	8	269.80	59.94	20.81	53.49	404.04	false
0 6 1 2 5 8 4 10 3 7 9 	8	218.19	59.94	23.43	61.03	362.59	false
0 6 1 2 5 8 4 3 10 7 9 	8	225.26	59.94	23.43	67.13	375.77	false
0 6 1 2 5 8 4 7 3 10 9 	8	224.61	60.88	20.81	63.66	369.95	false
0 6 1 2 5 8 4 9 3 7 10 	8	233.42	59.94	20.81	68.61	382.77	false
0 6 1 2 5 8 7 10 4 3 9 	8	226.47	60.88	20.00	62.30	369.65	false
0 6 1 2 5 8 7 4 10 3 9 	8	206.56	60.88	20.00	63.66	351.09	false
0 6 1 2 5 8 7 3 4 10 9 	8	225.32	60.88	23.43	55.23	364.86	false
0 6 1 2 5 8 7 9 4 3 10 	8	200.95	86.35	35.23	43.43	365.96	false
0 6 1 2 5 8 9 10 4 7 3 	8	251.88	59.94	20.00	53.49	385.31	false
0 6 1 2 5 8 9 4 10 7 3 	8	235.48	59.94	20.00	68.61	384.03	false
0 6 1 2 5 8 9 7 4 10 3 	8	221.06	86.35	26.42	43.43	377.27	false
0 6 1 2 5 8 9 3 4 7 10 	8	240.48	59.94	23.43	46.42	370.27	false
0 6 1 2 5 3 8 10 4 7 9 	6	186.13	59.94	23.43	69.62	339.12	true
0 6 1 2 5 3 8 10 4 7 9 	8	274.49	59.94	20.00	47.23	401.66	false
0 6 1 2 5 3 8 4 10 7 9 	8	254.50	59.94	20.00	67.13	401.58	false
0 6 1 2 5 3 8 7 4 10 9 	8	236.46	60.88	20.81	55.23	373.37	false
0 6 1 2 5 3 8 9 4 7 10 	8	256.57	59.94	20.81	46.42	383.74	false
0 6 1 2 5 3 10 8 4 7 9 	8	252.97	59.94	5.39	47.23	365.53	false
0 6 1 2 5 3 10 4 8 7 9 	8	229.56	59.94	23.43	26.19	339.12	true
0 6 1 2 5 3 10 4 8 7 9 	9	252.99	59.94	5.39	20.81	339.12	true
0 6 1 2 5 3 10 4 8 7 9 	10	258.37	60.88	20.81	0.00	340.06	false
0 6 1 2 5 3 10 4 8 9 7 	10	278.48	59.94	20.81	0.00	359.23	false
0 6 1 2 5 3 10 4 7 8 9 	9	255.98	60.88	5.39	25.50	347.73	false
0 6 1 2 5 3 10 4 9 7 8 	9	264.79	59.94	20.81	5.39	350.92	false
0 6 1 2 5 3 10 7 4 8 9 	8	255.88	60.88	5.39	48.93	371.07	false
0 6 1 2 5 3 10 9 4 7 8 	8	261.18	59.94	20.81	28.82	370.75	false
0 6 1 2 5 3 4 10 8 7 9 	8	233.20	59.94	43.42	26.19	362.75	false
0 6 1 2 5 3 4 8 10 7 9 	8	236.63	59.94	5.39	67.13	369.09	false
0 6 1 2 5 3 4 7 8 10 9 	8	239.62	60.88	5.39	68.91	374.79	false
0 6 1 2 5 3 4 9 8 7 10 	8	248.43	59.94	20.81	48.80	377.98	false
0 6 1 2 5 3 7 10 4 8 9 	8	277.63	60.88	20.00	48.93	407.43	false
0 6 1 2 5 3 7 4 10 8 9 	8	257.72	60.88	20.00	68.91	407.51	false
0 6 1 2 5 3 7 8 4 10 9 	8	236.69	60.88	23.43	55.23	376.22	false
0 6 1 2 5 3 7 9 4 8 10 	8	252.11	63.56	25.50	43.43	384.60	false
0 6 1 2 5 3 9 10 4 7 8 	8	277.97	59.94	20.00	28.82	386.73	false
0 6 1 2 5 3 9 4 10 7 8 	8	261.58	59.94	20.00	48.80	390.32	false
0 6 1 2 5 3 9 7 4 10 8 	8	247.16	63.56	5.39	43.43	359.54	false
0 6 1 2 5 3 9 8 4 7 10 	8	251.85	59.94	5.39	46.42	363.59	false
0 6 1 2 5 10 3 8 4 7 9 	6	167.76	59.94	20.00	76.70	324.40	true
0 6 1 2 5 10 3 8 4 7 9 	8	236.14	59.94	5.39	47.23	348.69	false
0 6 1 2 5 10 3 4 8 7 9 	8	218.27	59.94	23.43	26.19	327.83	true
0 6 1 2 5 10 3 4 8 7 9 	9	241.70	59.94	5.39	20.81	327.83	true
0 6 1 2 5 10 3 4 8 7 9 	10	247.08	60.88	20.81	0.00	328.77	true
0 6 1 2 5 10 3 4 8 9 7 	10	267.19	59.94	20.81	0.00	347.94	false
0 6 1 2 5 10 3 4 7 8 9 	9	244.69	60.88	5.39	25.50	336.44	false
0 6 1 2 5 10 3 4 9 7 8 	9	253.49	59.94	20.81	5.39	339.63	false
0 6 1 2 5 10 3 7 4 8 9 	8	236.37	60.88	5.39	48.93	351.56	false
0 6 1 2 5 10 3 9 4 7 8 	8	231.42	59.94	20.81	28.82	340.98	false
0 6 1 2 5 10 8 3 4 7 9 	8	256.12	59.94	27.07	47.23	390.37	false
0 6 1 2 5 10 8 4 3 7 9 	8	234.61	59.94	26.42	61.03	382.00	false
0 6 1 2 5 10 8 7 4 3 9 	8	216.56	60.88	20.81	62.30	360.55	false
0 6 1 2 5 10 8 9 4 7 3 	8	236.67	59.94	20.81	53.49	370.92	false
0 6 1 2 5 10 4 8 3 7 9 	8	211.19	59.94	5.39	61.03	337.55	false
0 6 1 2 5 10 4 3 8 7 9 	8	214.84	59.94	40.22	26.19	341.19	false
0 6 1 2 5 10 4 7 3 8 9 	8	214.18	60.88	5.39	65.72	346.16	false
0 6 1 2 5 10 4 9 3 7 8 	8	222.99	59.94	20.81	50.33	354.07	false
0 6 1 2 5 10 7 8 4 3 9 	8	219.47	60.88	23.43	62.30	366.08	false
0 6 1 2 5 10 7 4 8 3 9 	8	240.51	60.88	23.43	65.72	390.53	false
0 6 1 2 5 10 7 3 4 8 9 	8	259.26	60.88	27.07	48.93	396.14	false
0 6 1 2 5 10 7 9 4 3 8 	8	234.89	63.56	25.50	50.50	374.46	false
0 6 1 2 5 10 9 8 4 7 3 	8	244.88	59.94	5.39	53.49	363.70	false
0 6 1 2 5 10 9 4 8 7 3 	8	254.61	59.94	23.43	50.33	388.31	false
0 6 1 2 5 10 9 7 4 8 3 	8	240.19	63.56	5.39	50.50	359.64	false
0 6 1 2 5 10 9 3 4 7 8 	8	259.61	59.94	27.07	28.82	375.44	false
0 6 1 2 5 4 3 10 8 7 9 	6	162.26	59.94	20.00	89.85	332.05	false
0 6 1 2 5 7 3 10 4 8 9 	6	179.76	60.88	5.39	92.36	338.37	false
0 6 1 2 5 9 3 10 4 7 8 	6	194.88	59.94	20.81	72.25	347.88	false
0 6 1 2 9 8 3 10 4 5 7 	5	166.61	59.94	20.81	92.76	340.12	false
0 6 9 1 7 8 3 10 4 5 2 	3	93.85	43.10	20.81	157.28	315.04	true
0 6 9 1 7 8 3 10 4 5 2 	4	135.89	59.94	26.93	137.36	360.13	false
0 6 9 7 1 8 3 10 4 5 2 	4	114.66	43.10	5.39	152.43	315.57	true
0 6 9 7 1 8 3 10 4 5 2 	5	141.58	63.56	27.46	131.98	364.58	false
0 6 9 7 8 1 3 10 4 5 2 	5	120.04	43.10	23.43	146.14	332.71	false
0 6 9 7 3 8 1 10 4 5 2 	5	159.83	43.10	23.43	129.00	355.37	false
0 6 9 7 10 8 3 1 4 5 2 	5	160.98	43.10	20.00	136.07	360.16	false
0 6 9 7 4 8 3 10 1 5 2 	5	141.08	43.10	20.00	147.51	351.69	false
0 6 9 7 5 8 3 10 4 1 2 	5	152.67	43.10	20.52	131.91	348.20	false
0 6 9 7 2 8 3 10 4 5 1 	5	163.42	43.10	37.59	114.84	358.95	false
0 6 9 8 7 1 3 10 4 5 2 	4	119.34	43.10	5.39	154.88	322.72	true
0 6 9 8 7 1 3 10 4 5 2 	5	124.73	43.10	26.42	146.14	340.39	false
0 6 9 8 1 7 3 10 4 5 2 	5	146.80	59.94	26.93	134.97	368.64	false
0 6 9 8 3 1 7 10 4 5 2 	5	164.29	43.10	23.43	131.45	362.28	false
0 6 9 8 10 1 3 7 4 5 2 	5	162.76	43.10	20.00	138.53	364.39	false
0 6 9 8 4 1 3 10 7 5 2 	5	142.77	43.10	20.00	151.98	357.86	false
0 6 9 8 5 1 3 10 4 7 2 	5	152.36	43.10	20.52	134.37	350.35	false
0 6 9 8 2 1 3 10 4 5 7 	5	164.12	43.10	37.59	117.29	362.11	false
0 6 9 3 7 8 1 10 4 5 2 	4	134.07	43.10	23.43	133.85	334.46	false
0 6 9 10 7 8 3 1 4 5 2 	4	145.47	43.10	20.00	140.92	349.50	false
0 6 9 4 7 8 3 10 1 5 2 	4	129.07	43.10	20.00	152.37	344.55	false
0 6 9 5 7 8 3 10 4 1 2 	4	146.99	43.10	20.52	136.76	347.37	false
0 6 9 2 7 8 3 10 4 5 1 	4	163.31	43.10	37.59	119.69	363.69	false
0 6 7 9 1 8 3 10 4 5 2 	3	84.70	43.10	5.39	177.92	311.11	true
0 6 7 9 1 8 3 10 4 5 2 	4	105.51	43.10	25.50	152.43	326.54	true
0 6 7 9 1 8 3 10 4 5 2 	5	147.55	63.56	27.46	131.98	370.55	false
0 6 7 9 8 1 3 10 4 5 2 	5	131.00	43.10	23.43	146.14	343.67	false
0 6 7 9 3 8 1 10 4 5 2 	5	145.73	43.10	23.43	129.00	341.26	false
0 6 7 9 10 8 3 1 4 5 2 	5	157.13	43.10	20.00	136.07	356.31	false
0 6 7 9 4 8 3 10 1 5 2 	5	140.73	43.10	20.00	147.51	351.35	false
0 6 7 9 5 8 3 10 4 1 2 	5	158.65	43.10	20.52	131.91	354.18	false
0 6 7 9 2 8 3 10 4 5 1 	5	174.97	43.10	37.59	114.84	370.50	false
0 6 7 1 9 8 3 10 4 5 2 	4	111.62	60.88	27.46	157.47	357.43	false
0 6 7 8 1 9 3 10 4 5 2 	4	90.08	43.10	23.43	178.81	335.43	false
0 6 7 3 1 8 9 10 4 5 2 	4	129.88	43.10	23.43	154.49	350.90	false
0 6 7 10 1 8 3 9 4 5 2 	4	131.02	43.10	20.00	161.57	355.69	false
0 6 7 4 1 8 3 10 9 5 2 	4	111.12	43.10	20.00	173.01	347.23	false
0 6 7 5 1 8 3 10 4 9 2 	4	122.71	43.10	20.52	157.41	343.74	false
0 6 7 2 1 8 3 10 4 5 9 	4	133.46	43.10	37.59	140.33	354.49	false
0 6 8 9 7 1 3 10 4 5 2 	3	86.37	43.10	5.39	175.69	310.55	true
0 6 8 9 7 1 3 10 4 5 2 	4	111.87	43.10	20.81	154.88	330.66	false
0 6 8 7 9 1 3 10 4 5 2 	4	91.76	43.10	20.81	178.81	334.48	false
0 6 8 1 7 9 3 10 4 5 2 	4	113.83	59.94	26.93	155.78	356.47	false
0 6 8 3 7 1 9 10 4 5 2 	4	131.32	43.10	23.43	152.26	350.11	false
0 6 8 10 7 1 3 9 4 5 2 	4	129.79	43.10	20.00	159.34	352.23	false
0 6 8 4 7 1 3 10 9 5 2 	4	109.80	43.10	20.00	172.79	345.69	false
0 6 8 5 7 1 3 10 4 9 2 	4	119.39	43.10	20.52	155.17	338.18	false
0 6 8 2 7 1 3 10 4 5 9 	4	131.15	43.10	37.59	138.10	349.95	false
0 6 3 9 7 8 1 10 4 5 2 	3	129.50	43.10	23.43	154.66	350.70	false
0 6 10 9 7 8 3 1 4 5 2 	3	129.46	43.10	20.00	161.73	354.30	false
0 6 4 9 7 8 3 10 1 5 2 	3	109.64	43.10	20.00	173.17	345.92	false
0 6 5 9 7 8 3 10 4 1 2 	3	112.63	43.10	20.52	157.57	333.82	false
0 6 2 9 7 8 3 10 4 5 1 	3	84.63	43.10	37.59	140.50	305.82	true
0 6 2 9 7 8 3 10 4 5 1 	4	154.09	43.10	20.81	119.69	337.70	false
0 6 2 7 9 8 3 10 4 5 1 	4	133.40	43.10	5.39	140.33	322.22	true
0 6 2 7 9 8 3 10 4 5 1 	5	154.20	43.10	25.50	114.84	337.64	false
0 6 2 7 8 9 3 10 4 5 1 	5	138.78	43.10	23.43	141.22	346.54	false
0 6 2 7 3 8 9 10 4 5 1 	5	178.57	43.10	23.43	116.90	362.01	false
0 6 2 7 10 8 3 9 4 5 1 	5	179.72	43.10	20.00	123.98	366.80	false
0 6 2 7 4 8 3 10 9 5 1 	5	159.81	43.10	20.00	135.42	358.34	false
0 6 2 7 5 8 3 10 4 9 1 	5	171.41	43.10	20.52	119.82	354.85	false
0 6 2 7 1 8 3 10 4 5 9 	5	160.32	60.88	27.46	112.87	361.53	false
0 6 2 8 7 9 3 10 4 5 1 	4	129.41	43.10	5.39	138.10	316.00	true
0 6 2 8 7 9 3 10 4 5 1 	5	134.79	43.10	20.81	141.22	339.93	false
0 6 2 8 9 7 3 10 4 5 1 	5	154.90	43.10	20.81	117.29	336.11	false
0 6 2 8 3 9 7 10 4 5 1 	5	174.35	43.10	23.43	114.67	355.56	false
0 6 2 8 10 9 3 7 4 5 1 	5	172.82	43.10	20.00	121.75	357.68	false
0 6 2 8 4 9 3 10 7 5 1 	5	152.84	43.10	20.00	135.20	351.14	false
0 6 2 8 5 9 3 10 4 7 1 	5	162.42	43.10	20.52	117.58	343.63	false
0 6 2 8 1 9 3 10 4 5 7 	5	156.87	59.94	26.93	111.18	354.91	false
0 6 2 3 7 8 9 10 4 5 1 	4	167.65	43.10	23.43	117.07	351.26	false
0 6 2 10 7 8 3 9 4 5 1 	4	154.49	43.10	20.00	124.14	341.73	false
0 6 2 4 7 8 3 10 9 5 1 	4	140.63	43.10	20.00	135.58	339.32	false
0 6 2 5 7 8 3 10 4 9 1 	4	129.23	43.10	20.52	119.98	312.83	true
0 6 2 5 7 8 3 10 4 9 1 	5	167.24	43.10	5.39	119.82	335.55	false
0 6 2 5 8 7 3 10 4 9 1 	5	162.24	43.10	5.39	117.58	328.32	true
0 6 2 5 8 7 3 10 4 9 1 	6	167.63	43.10	20.81	120.71	352.25	false
0 6 2 5 8 3 7 10 4 9 1 	6	207.19	43.10	23.43	94.15	367.88	false
0 6 2 5 8 10 3 7 4 9 1 	6	205.66	43.10	20.00	101.23	369.99	false
0 6 2 5 8 4 3 10 7 9 1 	6	185.67	43.10	20.00	111.39	360.17	false
0 6 2 5 8 9 3 10 4 7 1 	6	187.74	43.10	20.81	96.78	348.43	false
0 6 2 5 8 1 3 10 4 9 7 	6	189.70	59.94	26.93	90.66	367.23	false
0 6 2 5 3 8 7 10 4 9 1 	5	173.61	43.10	23.43	96.55	336.70	false
0 6 2 5 10 8 3 7 4 9 1 	5	155.25	43.10	20.00	103.62	321.98	true
0 6 2 5 10 8 3 7 4 9 1 	6	198.66	43.10	5.39	101.23	348.38	false
0 6 2 5 10 3 8 7 4 9 1 	6	178.68	43.10	27.07	76.55	325.41	true
0 6 2 5 10 3 8 7 4 9 1 	8	229.01	43.10	20.81	77.28	370.20	false
0 6 2 5 10 3 8 4 7 9 1 	8	247.05	43.10	26.42	47.73	364.31	false
0 6 2 5 10 3 8 9 4 7 1 	8	249.12	43.10	20.81	53.35	366.38	false
0 6 2 5 10 3 8 1 4 9 7 	8	251.08	59.94	26.93	47.23	385.18	false
0 6 2 5 10 3 7 8 4 9 1 	8	229.24	43.10	23.43	77.28	373.05	false
0 6 2 5 10 3 7 4 8 9 1 	8	250.28	43.10	23.43	52.95	369.77	false
0 6 2 5 10 3 7 9 4 8 1 	8	244.66	43.10	25.50	50.89	364.15	false
0 6 2 5 10 3 7 1 4 9 8 	8	250.78	60.88	27.46	48.93	388.04	false
0 6 2 5 10 3 4 7 8 9 1 	8	232.17	43.10	5.39	52.95	333.62	false
0 6 2 5 10 3 4 8 7 9 1 	8	229.18	43.10	5.39	47.73	325.41	true
0 6 2 5 10 3 4 8 7 9 1 	9	234.57	43.10	20.81	42.05	340.53	false
0 6 2 5 10 3 4 8 9 7 1 	9	254.68	43.10	20.81	26.93	345.52	false
0 6 2 5 10 3 4 8 1 9 7 	9	256.64	59.94	26.93	20.81	364.32	false
0 6 2 5 10 3 4 9 8 7 1 	8	240.98	43.10	20.81	32.31	337.20	false
0 6 2 5 10 3 4 1 8 9 7 	8	256.08	59.94	26.93	26.19	369.14	false
0 6 2 5 10 3 9 7 4 8 1 	8	239.71	43.10	5.39	50.89	339.09	false
0 6 2 5 10 3 9 4 7 8 1 	8	254.13	43.10	23.43	32.31	352.98	false
0 6 2 5 10 3 9 8 4 7 1 	8	244.40	43.10	5.39	53.35	346.23	false
0 6 2 5 10 3 9 1 4 8 7 	8	260.95	59.94	26.93	28.82	376.63	false
0 6 2 5 10 3 1 7 4 9 8 	8	277.62	60.88	5.39	48.93	392.81	false
0 6 2 5 10 3 1 4 7 9 8 	8	301.02	59.94	23.43	26.19	410.59	false
0 6 2 5 10 3 1 9 4 7 8 	8	292.74	59.94	20.81	28.82	402.31	false
0 6 2 5 10 3 1 8 4 9 7 	8	278.15	59.94	5.39	47.23	390.71	false
0 6 2 5 10 7 3 8 4 9 1 	6	201.57	43.10	5.39	103.46	353.52	false
0 6 2 5 10 4 3 7 8 9 1 	6	175.25	43.10	23.43	93.34	335.13	false
0 6 2 5 10 9 3 7 4 8 1 	6	206.87	43.10	20.81	82.82	353.60	false
0 6 2 5 10 1 3 7 4 9 8 	6	225.26	59.94	26.93	76.70	388.82	false
0 6 2 5 4 8 3 10 7 9 1 	5	149.75	43.10	20.00	116.77	329.63	false
0 6 2 5 9 8 3 10 4 7 1 	5	182.37	43.10	20.81	99.17	345.46	false
0 6 2 5 1 8 3 10 4 9 7 	5	182.89	59.94	26.93	93.06	362.82	false
0 6 2 1 7 8 3 10 4 5 9 	4	122.22	59.94	26.93	113.57	322.66	true
0 6 2 1 7 8 3 10 4 5 9 	5	149.15	60.88	5.39	112.87	328.28	true
0 6 2 1 7 8 3 10 4 5 9 	6	154.53	60.88	23.43	99.18	338.02	false
0 6 2 1 7 3 8 10 4 5 9 	6	194.32	60.88	23.43	89.44	368.08	false
0 6 2 1 7 10 3 8 4 5 9 	6	195.47	60.88	20.00	96.52	372.87	false
0 6 2 1 7 4 3 10 8 5 9 	6	175.57	60.88	20.00	107.96	364.40	false
0 6 2 1 7 5 3 10 4 8 9 	6	187.16	60.88	20.52	92.36	360.91	false
0 6 2 1 7 9 3 10 4 5 8 	6	169.95	63.56	25.50	87.38	346.39	false
0 6 2 1 8 7 3 10 4 5 9 	5	149.68	59.94	5.39	111.18	326.18	true
0 6 2 1 8 7 3 10 4 5 9 	6	155.06	60.88	20.81	99.18	335.93	false
0 6 2 1 8 3 7 10 4 5 9 	6	194.62	59.94	23.43	87.75	365.74	false
0 6 2 1 8 10 3 7 4 5 9 	6	193.10	59.94	20.00	94.82	367.86	false
0 6 2 1 8 4 3 10 7 5 9 	6	173.11	59.94	20.00	108.27	361.32	false
0 6 2 1 8 5 3 10 4 7 9 	6	182.69	59.94	20.52	90.66	353.81	false
0 6 2 1 8 9 3 10 4 5 7 	6	175.17	59.94	20.81	90.37	346.29	false
0 6 2 1 3 8 7 10 4 5 9 	5	194.23	59.94	23.43	90.14	367.75	false
0 6 2 1 10 8 3 7 4 5 9 	5	192.23	59.94	20.00	97.22	369.39	false
0 6 2 1 4 8 3 10 7 5 9 	5	172.55	59.94	20.00	108.66	361.15	false
0 6 2 1 5 8 3 10 4 7 9 	5	175.89	59.94	20.52	93.06	349.40	false
0 6 2 1 9 8 3 10 4 5 7 	5	164.27	59.94	20.81	92.76	337.78	false
0 1 6 9 7 8 3 10 4 5 2 	2	43.10	25.50	26.93	217.31	312.83	true
0 1 6 9 7 8 3 10 4 5 2 	3	77.16	59.94	59.14	158.17	354.41	false
0 1 9 6 7 8 3 10 4 5 2 	3	85.15	25.50	20.81	196.50	327.95	true
0 1 9 6 7 8 3 10 4 5 2 	4	153.50	59.94	59.14	137.36	409.94	false
0 1 9 7 6 8 3 10 4 5 2 	4	105.96	25.50	5.39	191.11	327.95	true
0 1 9 7 6 8 3 10 4 5 2 	5	165.16	63.56	59.14	131.98	419.84	false
0 1 9 7 8 6 3 10 4 5 2 	5	111.35	25.50	23.43	167.68	327.95	true
0 1 9 7 8 6 3 10 4 5 2 	6	172.22	77.47	59.14	108.55	417.37	false
0 1 9 7 8 3 6 10 4 5 2 	6	156.29	25.50	23.43	144.25	349.47	false
0 1 9 7 8 10 3 6 4 5 2 	6	154.76	25.50	20.00	151.33	351.58	false
0 1 9 7 8 4 3 10 6 5 2 	6	134.78	25.50	20.00	153.18	333.46	false
0 1 9 7 8 5 3 10 4 6 2 	6	144.36	25.50	20.52	158.57	348.94	false
0 1 9 7 8 2 3 10 4 5 6 	6	156.12	25.50	44.60	148.10	374.31	false
0 1 9 7 3 8 6 10 4 5 2 	5	151.14	25.50	23.43	167.68	367.75	false
0 1 9 7 10 8 3 6 4 5 2 	5	152.29	25.50	20.00	174.76	372.54	false
0 1 9 7 4 8 3 10 6 5 2 	5	132.38	25.50	20.00	186.20	364.07	false
0 1 9 7 5 8 3 10 4 6 2 	5	143.97	25.50	20.52	170.77	360.76	false
0 1 9 7 2 8 3 10 4 5 6 	5	154.73	25.50	44.60	148.26	373.08	false
0 1 9 8 7 6 3 10 4 5 2 	4	110.65	25.50	5.39	194.10	335.63	false
0 1 9 3 7 8 6 10 4 5 2 	4	125.38	25.50	23.43	173.07	347.37	false
0 1 9 10 7 8 3 6 4 5 2 	4	136.78	25.50	20.00	180.14	362.41	false
0 1 9 4 7 8 3 10 6 5 2 	4	120.38	25.50	20.00	191.58	357.46	false
0 1 9 5 7 8 3 10 4 6 2 	4	138.29	25.50	20.52	176.16	360.47	false
0 1 9 2 7 8 3 10 4 5 6 	4	154.61	25.50	44.60	151.97	376.68	false
0 1 7 9 6 8 3 10 4 5 2 	3	70.03	25.50	5.39	216.61	317.52	true
0 1 7 9 6 8 3 10 4 5 2 	4	90.84	25.50	25.50	191.11	332.94	false
0 1 7 6 9 8 3 10 4 5 2 	4	129.23	60.88	59.14	157.47	406.72	false
0 1 7 8 6 9 3 10 4 5 2 	4	75.42	25.50	23.43	202.91	327.25	true
0 1 7 8 6 9 3 10 4 5 2 	5	136.29	60.88	59.14	143.78	400.08	false
0 1 7 8 9 6 3 10 4 5 2 	5	100.91	25.50	35.23	167.68	329.32	false
0 1 7 8 3 9 6 10 4 5 2 	5	120.36	25.50	23.43	179.48	348.77	false
0 1 7 8 10 9 3 6 4 5 2 	5	118.83	25.50	20.00	186.55	350.88	false
0 1 7 8 4 9 3 10 6 5 2 	5	98.85	25.50	20.00	193.41	337.75	false
0 1 7 8 5 9 3 10 4 6 2 	5	108.43	25.50	20.52	193.79	348.24	false
0 1 7 8 2 9 3 10 4 5 6 	5	120.19	25.50	44.60	167.53	357.81	false
0 1 7 3 6 8 9 10 4 5 2 	4	115.21	25.50	23.43	193.18	357.31	false
0 1 7 10 6 8 3 9 4 5 2 	4	116.36	25.50	20.00	200.25	362.10	false
0 1 7 4 6 8 3 10 9 5 2 	4	96.45	25.50	20.00	211.69	353.64	false
0 1 7 5 6 8 3 10 4 9 2 	4	108.04	25.50	20.52	196.27	350.33	false
0 1 7 2 6 8 3 10 4 5 9 	4	118.80	25.50	44.60	173.75	362.64	false
0 1 8 9 7 6 3 10 4 5 2 	3	70.56	25.50	5.39	214.91	316.35	true
0 1 8 9 7 6 3 10 4 5 2 	4	96.06	25.50	20.81	194.10	336.46	false
0 1 8 7 9 6 3 10 4 5 2 	4	75.95	25.50	20.81	202.91	325.16	true
0 1 8 7 9 6 3 10 4 5 2 	5	96.76	25.50	35.23	167.68	325.16	true
0 1 8 7 9 6 3 10 4 5 2 	6	165.11	77.47	59.14	108.55	410.26	false
0 1 8 7 9 3 6 10 4 5 2 	6	136.98	25.50	23.43	144.25	330.16	false
0 1 8 7 9 10 3 6 4 5 2 	6	148.38	25.50	20.00	151.33	345.20	false
0 1 8 7 9 4 3 10 6 5 2 	6	131.99	25.50	20.00	153.18	330.66	false
0 1 8 7 9 5 3 10 4 6 2 	6	149.90	25.50	20.52	158.57	354.48	false
0 1 8 7 9 2 3 10 4 5 6 	6	166.22	25.50	44.60	148.10	384.41	false
0 1 8 7 6 9 3 10 4 5 2 	5	135.15	60.88	59.14	143.78	398.94	false
0 1 8 7 3 6 9 10 4 5 2 	5	121.13	25.50	23.43	179.48	349.53	false
0 1 8 7 10 6 3 9 4 5 2 	5	122.27	25.50	20.00	186.55	354.32	false
0 1 8 7 4 6 3 10 9 5 2 	5	102.37	25.50	20.00	193.41	341.27	false
0 1 8 7 5 6 3 10 4 9 2 	5	113.96	25.50	20.52	193.79	353.77	false
0 1 8 7 2 6 3 10 4 5 9 	5	124.71	25.50	44.60	167.53	362.34	false
0 1 8 6 7 9 3 10 4 5 2 	4	131.44	59.94	59.14	155.78	406.29	false
0 1 8 3 7 6 9 10 4 5 2 	4	115.51	25.50	23.43	191.48	355.91	false
0 1 8 10 7 6 3 9 4 5 2 	4	113.98	25.50	20.00	198.55	358.03	false
0 1 8 4 7 6 3 10 9 5 2 	4	93.99	25.50	20.00	212.01	351.49	false
0 1 8 5 7 6 3 10 4 9 2 	4	103.58	25.50	20.52	198.56	348.15	false
0 1 8 2 7 6 3 10 4 5 9 	4	115.34	25.50	44.60	170.38	355.81	false
0 1 3 9 7 8 6 10 4 5 2 	3	115.12	25.50	23.43	193.88	357.92	false
0 1 10 9 7 8 3 6 4 5 2 	3	113.11	25.50	20.00	200.95	359.56	false
0 1 4 9 7 8 3 10 6 5 2 	3	93.43	25.50	20.00	212.39	351.32	false
0 1 5 9 7 8 3 10 4 6 2 	3	96.77	25.50	20.52	196.97	339.75	false
0 1 2 9 7 8 3 10 4 5 6 	3	80.69	25.50	44.60	172.78	323.56	true
0 1 2 9 7 8 3 10 4 5 6 	4	150.16	25.50	20.81	151.97	348.43	false
0 1 2 7 9 8 3 10 4 5 6 	4	129.46	25.50	5.39	173.75	334.09	false
0 1 2 8 7 9 3 10 4 5 6 	4	125.47	25.50	5.39	170.38	326.73	true
0 1 2 8 7 9 3 10 4 5 6 	5	130.86	25.50	20.81	167.53	344.69	false
0 1 2 8 9 7 3 10 4 5 6 	5	150.97	25.50	20.81	149.57	346.84	false
0 1 2 8 3 9 7 10 4 5 6 	5	170.42	25.50	23.43	146.95	366.29	false
0 1 2 8 10 9 3 7 4 5 6 	5	168.89	25.50	20.00	154.02	368.41	false
0 1 2 8 4 9 3 10 7 5 6 	5	148.90	25.50	20.00	167.47	361.87	false
0 1 2 8 5 9 3 10 4 7 6 	5	158.49	25.50	20.52	149.86	354.36	false
0 1 2 8 6 9 3 10 4 5 7 	5	186.35	59.94	59.20	111.18	416.67	false
0 1 2 3 7 8 9 10 4 5 6 	4	163.72	25.50	23.43	149.35	361.99	false
0 1 2 10 7 8 3 9 4 5 6 	4	150.55	25.50	20.00	156.42	352.47	false
0 1 2 4 7 8 3 10 9 5 6 	4	136.69	25.50	20.00	167.86	350.05	false
0 1 2 5 7 8 3 10 4 9 6 	4	125.29	25.50	20.52	152.26	323.56	true
0 1 2 5 7 8 3 10 4 9 6 	5	163.31	25.50	5.39	153.23	347.42	false
0 1 2 5 8 7 3 10 4 9 6 	5	158.31	25.50	5.39	149.86	339.05	false
0 1 2 5 3 8 7 10 4 9 6 	5	169.68	25.50	23.43	128.83	347.43	false
0 1 2 5 10 8 3 7 4 9 6 	5	151.31	25.50	20.00	135.90	332.71	false
0 1 2 5 4 8 3 10 7 9 6 	5	145.81	25.50	20.00	149.05	340.36	false
0 1 2 5 9 8 3 10 4 7 6 	5	178.43	25.50	20.81	131.45	356.19	false
0 1 2 5 6 8 3 10 4 9 7 	5	212.42	59.94	59.20	93.06	424.62	false
0 1 2 6 7 8 3 10 4 5 9 	4	139.83	59.94	59.20	113.57	372.55	false
0 9 1 6 7 8 3 10 4 5 2 	2	60.88	25.50	20.81	191.34	298.52	true
0 9 1 6 7 8 3 10 4 5 2 	3	102.92	25.50	26.93	196.50	351.84	false
0 9 6 1 7 8 3 10 4 5 2 	3	129.23	43.10	34.06	157.28	363.67	false
0 9 7 6 1 8 3 10 4 5 2 	3	81.69	25.50	5.39	186.49	299.05	true
0 9 7 6 1 8 3 10 4 5 2 	4	140.89	43.10	34.06	152.43	370.48	false
0 9 7 1 6 8 3 10 4 5 2 	4	108.61	25.50	27.46	191.11	352.68	false
0 9 7 8 1 6 3 10 4 5 2 	4	87.07	25.50	23.43	180.20	316.19	true
0 9 7 8 1 6 3 10 4 5 2 	5	114.53	25.50	34.06	167.68	341.77	false
0 9 7 8 6 1 3 10 4 5 2 	5	147.95	43.10	34.06	146.14	371.25	false
0 9 7 8 3 6 1 10 4 5 2 	5	132.02	25.50	23.43	156.77	337.71	false
0 9 7 8 10 6 3 1 4 5 2 	5	130.49	25.50	20.00	163.84	339.82	false
0 9 7 8 4 6 3 10 1 5 2 	5	110.50	25.50	20.00	165.70	321.69	true
0 9 7 8 4 6 3 10 1 5 2 	6	194.65	43.10	34.06	131.64	403.45	false
0 9 7 8 4 3 6 10 1 5 2 	6	137.58	25.50	23.43	142.27	328.77	false
0 9 7 8 4 10 3 6 1 5 2 	6	130.50	25.50	23.43	160.63	340.06	false
0 9 7 8 4 1 3 10 6 5 2 	6	160.83	25.50	34.06	153.18	373.57	false
0 9 7 8 4 5 3 10 1 6 2 	6	131.02	25.50	26.02	164.94	347.47	false
0 9 7 8 4 2 3 10 1 5 6 	6	166.50	25.50	37.59	137.17	366.76	false
0 9 7 8 5 6 3 10 4 1 2 	5	120.09	25.50	20.52	165.41	331.51	false
0 9 7 8 2 6 3 10 4 5 1 	5	131.85	25.50	37.59	148.34	343.27	false
0 9 7 3 1 8 6 10 4 5 2 	4	126.86	25.50	23.43	163.06	338.85	false
0 9 7 10 1 8 3 6 4 5 2 	4	128.01	25.50	20.00	170.13	343.64	false
0 9 7 4 1 8 3 10 6 5 2 	4	108.11	25.50	20.00	181.57	335.17	false
0 9 7 5 1 8 3 10 4 6 2 	4	119.70	25.50	20.52	165.97	331.68	false
0 9 7 2 1 8 3 10 4 5 6 	4	130.45	25.50	37.59	148.90	342.43	false
0 9 8 6 7 1 3 10 4 5 2 	3	86.37	25.50	5.39	188.94	306.20	true
0 9 8 6 7 1 3 10 4 5 2 	4	147.25	43.10	34.06	154.88	379.30	false
0 9 8 7 6 1 3 10 4 5 2 	4	91.76	25.50	26.42	180.20	323.87	true
0 9 8 7 6 1 3 10 4 5 2 	5	150.96	43.10	34.06	146.14	374.26	false
0 9 8 7 1 6 3 10 4 5 2 	5	118.68	25.50	34.06	167.68	345.92	false
0 9 8 7 3 1 6 10 4 5 2 	5	136.93	25.50	23.43	156.77	342.63	false
0 9 8 7 10 1 3 6 4 5 2 	5	138.08	25.50	20.00	163.84	347.42	false
0 9 8 7 4 1 3 10 6 5 2 	5	118.18	25.50	20.00	165.70	329.37	false
0 9 8 7 5 1 3 10 4 6 2 	5	129.77	25.50	20.52	165.41	341.19	false
0 9 8 7 2 1 3 10 4 5 6 	5	140.52	25.50	37.59	148.34	351.94	false
0 9 8 1 7 6 3 10 4 5 2 	4	113.83	25.50	26.93	194.10	360.35	false
0 9 8 3 7 1 6 10 4 5 2 	4	131.32	25.50	23.43	165.51	345.75	false
0 9 8 10 7 1 3 6 4 5 2 	4	129.79	25.50	20.00	172.59	347.87	false
0 9 8 4 7 1 3 10 6 5 2 	4	109.80	25.50	20.00	186.04	341.34	false
0 9 8 5 7 1 3 10 4 6 2 	4	119.39	25.50	20.52	168.42	333.83	false
0 9 8 2 7 1 3 10 4 5 6 	4	131.15	25.50	37.59	151.35	345.59	false
0 9 3 6 7 8 1 10 4 5 2 	3	101.10	25.50	23.43	167.91	317.94	true
0 9 3 6 7 8 1 10 4 5 2 	4	205.11	43.10	34.06	133.85	416.12	false
0 9 3 7 6 8 1 10 4 5 2 	4	146.28	25.50	5.39	163.06	340.22	false
0 9 3 8 7 6 1 10 4 5 2 	4	146.05	25.50	5.39	165.51	342.44	false
0 9 3 1 7 8 6 10 4 5 2 	4	173.12	25.50	26.93	173.07	398.60	false
0 9 3 10 7 8 1 6 4 5 2 	4	124.53	25.50	20.00	147.91	317.94	true
0 9 3 10 7 8 1 6 4 5 2 	5	170.86	25.50	5.39	143.06	344.79	false
0 9 3 10 8 7 1 6 4 5 2 	5	167.95	25.50	5.39	145.51	344.34	false
0 9 3 10 1 8 7 6 4 5 2 	5	194.54	25.50	26.93	153.07	400.03	false
0 9 3 10 6 8 1 7 4 5 2 	5	228.50	43.10	34.06	113.85	419.51	false
0 9 3 10 4 8 1 6 7 5 2 	5	144.53	25.50	20.52	136.97	327.52	true
0 9 3 10 4 8 1 6 7 5 2 	6	167.96	25.50	5.39	136.59	335.43	false
0 9 3 10 4 1 8 6 7 5 2 	6	194.86	25.50	26.93	142.13	389.42	false
0 9 3 10 4 6 1 8 7 5 2 	6	228.68	43.10	34.06	102.92	408.76	false
0 9 3 10 4 7 1 6 8 5 2 	6	170.95	25.50	5.39	132.12	333.95	false
0 9 3 10 4 5 1 6 7 8 2 	6	165.05	25.50	33.02	103.96	327.52	true
0 9 3 10 4 5 1 6 7 8 2 	8	252.77	59.94	59.14	50.16	422.01	false
0 9 3 10 4 5 1 7 6 8 2 	8	245.64	25.50	5.39	103.91	380.43	false
0 9 3 10 4 5 1 8 7 6 2 	8	246.18	25.50	5.39	107.90	384.96	false
0 9 3 10 4 5 1 2 7 8 6 	8	256.31	25.50	44.78	64.59	391.17	false
0 9 3 10 4 5 6 1 7 8 2 	8	286.24	59.94	26.93	50.16	423.27	false
0 9 3 10 4 5 6 7 1 8 2 	8	311.39	43.10	5.39	65.05	424.92	false
0 9 3 10 4 5 6 8 7 1 2 	8	313.06	43.10	5.39	64.52	426.06	false
0 9 3 10 4 5 6 2 7 8 1 	8	311.32	43.10	37.59	32.31	424.32	false
0 9 3 10 4 5 7 6 1 8 2 	8	262.27	43.10	34.06	65.05	404.48	false
0 9 3 10 4 5 7 1 6 8 2 	8	229.99	25.50	27.46	103.91	386.86	false
0 9 3 10 4 5 7 8 1 6 2 	8	208.45	25.50	27.46	71.65	333.05	false
0 9 3 10 4 5 7 2 1 8 6 	8	251.83	25.50	37.59	61.52	376.43	false
0 9 3 10 4 5 8 6 7 1 2 	8	258.94	43.10	34.06	64.52	400.62	false
0 9 3 10 4 5 8 7 6 1 2 	8	203.45	25.50	26.93	71.65	327.52	true
0 9 3 10 4 5 8 7 6 1 2 	9	262.65	43.10	34.06	37.59	377.41	false
0 9 3 10 4 5 8 7 1 6 2 	9	230.38	25.50	34.06	59.14	349.07	false
0 9 3 10 4 5 8 7 2 1 6 	9	252.22	25.50	37.59	34.06	349.36	false
0 9 3 10 4 5 8 1 7 6 2 	8	225.52	25.50	26.93	107.90	385.85	false
0 9 3 10 4 5 8 2 7 1 6 	8	242.84	25.50	37.59	60.98	366.91	false
0 9 3 10 4 5 2 6 7 8 1 	8	268.78	43.10	34.06	32.31	378.26	false
0 9 3 10 4 5 2 7 6 8 1 	8	258.41	25.50	5.39	61.52	350.81	false
0 9 3 10 4 5 2 8 7 6 1 	8	254.43	25.50	5.39	60.98	346.29	false
0 9 3 10 4 5 2 1 7 8 6 	8	247.24	25.50	26.93	64.59	364.25	false
0 9 3 10 4 2 1 6 7 5 8 	6	200.53	25.50	37.59	99.38	363.00	false
0 9 3 10 5 8 1 6 4 7 2 	5	150.55	25.50	20.52	127.39	323.96	true
0 9 3 10 5 8 1 6 4 7 2 	6	183.57	25.50	5.39	124.99	339.44	false
0 9 3 10 5 1 8 6 4 7 2 	6	204.22	25.50	26.93	132.73	389.37	false
0 9 3 10 5 6 1 8 4 7 2 	6	237.68	43.10	34.06	93.33	408.18	false
0 9 3 10 5 4 1 6 8 7 2 	6	171.07	25.50	23.43	103.96	323.96	true
0 9 3 10 5 4 1 6 8 7 2 	8	255.46	59.94	59.14	50.16	424.70	false
0 9 3 10 5 4 1 8 6 7 2 	8	248.86	25.50	5.39	107.90	387.64	false
0 9 3 10 5 4 1 7 8 6 2 	8	248.32	25.50	5.39	103.91	383.12	false
0 9 3 10 5 4 1 2 8 7 6 	8	258.99	25.50	44.78	64.59	393.85	false
0 9 3 10 5 4 6 1 8 7 2 	8	289.28	59.94	26.93	50.16	426.31	false
0 9 3 10 5 4 6 8 1 7 2 	8	316.10	43.10	5.39	64.52	429.10	false
0 9 3 10 5 4 6 7 8 1 2 	8	314.42	43.10	5.39	65.05	427.96	false
0 9 3 10 5 4 6 2 8 7 1 	8	314.35	43.10	37.59	32.31	427.36	false
0 9 3 10 5 4 8 6 1 7 2 	8	255.38	43.10	34.06	64.52	397.06	false
0 9 3 10 5 4 8 1 6 7 2 	8	221.96	25.50	26.93	107.90	382.28	false
0 9 3 10 5 4 8 7 1 6 2 	8	199.89	25.50	26.93	71.65	323.96	true
0 9 3 10 5 4 8 7 1 6 2 	9	226.81	25.50	34.06	59.14	345.50	false
0 9 3 10 5 4 8 7 6 1 2 	9	259.09	43.10	34.06	37.59	373.84	false
0 9 3 10 5 4 8 7 2 6 1 	9	248.65	25.50	37.59	34.06	345.79	false
0 9 3 10 5 4 8 2 1 7 6 	8	239.28	25.50	37.59	60.98	363.35	false
0 9 3 10 5 4 7 6 8 1 2 	8	256.69	43.10	34.06	65.05	398.90	false
0 9 3 10 5 4 7 8 6 1 2 	8	202.87	25.50	27.46	71.65	327.48	true
0 9 3 10 5 4 7 8 6 1 2 	9	263.75	43.10	34.06	37.59	378.50	false
0 9 3 10 5 4 7 8 1 6 2 	9	230.33	25.50	34.06	59.14	349.02	false
0 9 3 10 5 4 7 8 2 1 6 	9	247.65	25.50	37.59	34.06	344.80	false
0 9 3 10 5 4 7 1 8 6 2 	8	224.42	25.50	27.46	103.91	381.28	false
0 9 3 10 5 4 7 2 8 1 6 	8	246.25	25.50	37.59	61.52	370.86	false
0 9 3 10 5 4 2 6 8 7 1 	8	286.20	43.10	34.06	32.31	395.68	false
0 9 3 10 5 4 2 8 6 7 1 	8	271.85	25.50	5.39	60.98	363.71	false
0 9 3 10 5 4 2 7 8 6 1 	8	275.83	25.50	5.39	61.52	368.23	false
0 9 3 10 5 4 2 1 8 7 6 	8	264.66	25.50	26.93	64.59	381.67	false
0 9 3 10 5 7 1 6 4 8 2 	6	188.56	25.50	5.39	122.54	341.98	false
0 9 3 10 5 2 1 6 4 7 8 	6	195.15	25.50	37.59	89.80	348.03	false
0 9 3 10 2 8 1 6 4 5 7 	5	194.39	25.50	37.59	110.32	367.79	false
0 9 3 4 7 8 1 10 6 5 2 	4	128.18	25.50	20.00	162.99	336.66	false
0 9 3 5 7 8 1 10 4 6 2 	4	145.49	25.50	20.52	147.39	338.89	false
0 9 3 2 7 8 1 10 4 5 6 	4	184.13	25.50	37.59	130.32	377.53	false
0 9 10 6 7 8 3 1 4 5 2 	3	112.50	25.50	20.00	174.98	332.98	false
0 9 4 6 7 8 3 10 1 5 2 	3	96.10	25.50	20.00	186.42	328.02	true
0 9 4 6 7 8 3 10 1 5 2 	4	180.25	43.10	34.06	152.37	409.78	false
0 9 4 7 6 8 3 10 1 5 2 	4	122.52	25.50	5.39	181.57	334.98	false
0 9 4 8 7 6 3 10 1 5 2 	4	119.54	25.50	5.39	186.04	336.45	false
0 9 4 3 7 8 6 10 1 5 2 	4	123.18	25.50	23.43	162.99	335.10	false
0 9 4 10 7 8 3 6 1 5 2 	4	116.10	25.50	23.43	181.36	346.39	false
0 9 4 1 7 8 3 10 6 5 2 	4	146.43	25.50	26.93	191.58	390.44	false
0 9 4 5 7 8 3 10 1 6 2 	4	116.62	25.50	26.02	170.81	338.94	false
0 9 4 2 7 8 3 10 1 5 6 	4	152.10	25.50	37.59	148.83	364.02	false
0 9 5 6 7 8 3 10 4 1 2 	3	114.02	25.50	20.52	170.82	330.85	false
0 9 2 6 7 8 3 10 4 5 1 	3	130.34	25.50	37.59	153.75	347.17	false
0 7 1 9 6 8 3 10 4 5 2 	2	59.94	25.50	5.39	211.98	302.80	true
0 7 1 9 6 8 3 10 4 5 2 	3	86.87	25.50	27.46	216.61	356.43	false
0 7 9 1 6 8 3 10 4 5 2 	3	80.75	25.50	25.50	186.49	318.23	true
0 7 9 1 6 8 3 10 4 5 2 	4	122.80	25.50	27.46	191.11	366.87	false
0 7 9 6 1 8 3 10 4 5 2 	4	149.10	43.10	34.06	152.43	378.69	false
0 7 9 8 6 1 3 10 4 5 2 	4	106.25	25.50	23.43	180.20	335.37	false
0 7 9 3 6 8 1 10 4 5 2 	4	120.97	25.50	23.43	163.06	332.96	false
0 7 9 10 6 8 3 1 4 5 2 	4	132.37	25.50	20.00	170.13	348.00	false
0 7 9 4 6 8 3 10 1 5 2 	4	115.98	25.50	20.00	181.57	343.05	false
0 7 9 5 6 8 3 10 4 1 2 	4	133.89	25.50	20.52	165.97	345.87	false
0 7 9 2 6 8 3 10 4 5 1 	4	150.21	25.50	37.59	148.90	362.20	false
0 7 6 9 1 8 3 10 4 5 2 	3	119.14	43.10	34.06	177.92	374.23	false
0 7 8 9 6 1 3 10 4 5 2 	3	65.33	25.50	23.43	212.87	327.13	true
0 7 8 9 6 1 3 10 4 5 2 	4	90.82	25.50	35.23	180.20	331.74	false
0 7 8 6 9 1 3 10 4 5 2 	4	126.20	43.10	34.06	178.81	382.18	false
0 7 8 1 6 9 3 10 4 5 2 	4	92.79	25.50	34.06	202.91	355.25	false
0 7 8 3 6 1 9 10 4 5 2 	4	110.27	25.50	23.43	189.44	348.64	false
0 7 8 10 6 1 3 9 4 5 2 	4	108.74	25.50	20.00	196.52	350.75	false
0 7 8 4 6 1 3 10 9 5 2 	4	88.76	25.50	20.00	203.37	337.62	false
0 7 8 5 6 1 3 10 4 9 2 	4	98.34	25.50	20.52	192.35	336.71	false
0 7 8 2 6 1 3 10 4 5 9 	4	110.10	25.50	37.59	175.28	348.47	false
0 7 3 9 6 8 1 10 4 5 2 	3	105.12	25.50	23.43	188.55	342.60	false
0 7 10 9 6 8 3 1 4 5 2 	3	106.27	25.50	20.00	195.63	347.39	false
0 7 4 9 6 8 3 10 1 5 2 	3	86.36	25.50	20.00	207.07	338.92	false
0 7 5 9 6 8 3 10 4 1 2 	3	97.95	25.50	20.52	191.46	335.43	false
0 7 2 9 6 8 3 10 4 5 1 	3	108.71	25.50	37.59	174.39	346.18	false
0 8 1 9 7 6 3 10 4 5 2 	2	63.56	25.50	5.39	209.75	304.19	true
0 8 1 9 7 6 3 10 4 5 2 	3	91.02	25.50	26.93	214.91	358.35	false
0 8 9 1 7 6 3 10 4 5 2 	3	89.06	25.50	20.81	188.94	324.30	true
0 8 9 1 7 6 3 10 4 5 2 	4	131.10	25.50	26.93	194.10	377.63	false
0 8 9 7 1 6 3 10 4 5 2 	4	109.86	25.50	26.42	180.20	341.98	false
0 8 9 6 7 1 3 10 4 5 2 	4	157.41	43.10	34.06	154.88	389.46	false
0 8 9 3 7 6 1 10 4 5 2 	4	129.28	25.50	23.43	165.51	343.72	false
0 8 9 10 7 6 3 1 4 5 2 	4	140.68	25.50	20.00	172.59	358.76	false
0 8 9 4 7 6 3 10 1 5 2 	4	124.28	25.50	20.00	186.04	355.82	false
0 8 9 5 7 6 3 10 4 1 2 	4	142.20	25.50	20.52	168.42	356.64	false
0 8 9 2 7 6 3 10 4 5 1 	4	158.52	25.50	37.59	151.35	372.96	false
0 8 7 9 1 6 3 10 4 5 2 	3	68.95	25.50	20.81	212.87	328.12	true
0 8 7 9 1 6 3 10 4 5 2 	4	89.75	25.50	35.23	180.20	330.67	false
0 8 7 1 9 6 3 10 4 5 2 	4	95.87	25.50	34.06	202.91	358.34	false
0 8 7 6 1 9 3 10 4 5 2 	4	128.15	43.10	34.06	178.81	384.13	false
0 8 7 3 1 6 9 10 4 5 2 	4	114.12	25.50	23.43	189.44	352.49	false
0 8 7 10 1 6 3 9 4 5 2 	4	115.27	25.50	20.00	196.52	357.28	false
0 8 7 4 1 6 3 10 9 5 2 	4	95.37	25.50	20.00	203.37	344.23	false
0 8 7 5 1 6 3 10 4 9 2 	4	106.96	25.50	20.52	192.35	345.33	false
0 8 7 2 1 6 3 10 4 5 9 	4	117.71	25.50	37.59	175.28	356.08	false
0 8 6 9 7 1 3 10 4 5 2 	3	124.44	43.10	34.06	175.69	377.29	false
0 8 3 9 7 6 1 10 4 5 2 	3	108.51	25.50	23.43	186.32	343.75	false
0 8 10 9 7 6 3 1 4 5 2 	3	106.98	25.50	20.00	193.40	345.87	false
0 8 4 9 7 6 3 10 1 5 2 	3	86.99	25.50	20.00	206.85	339.33	false
0 8 5 9 7 6 3 10 4 1 2 	3	96.58	25.50	20.52	189.23	331.82	false
0 8 2 9 7 6 3 10 4 5 1 	3	108.34	25.50	37.59	172.16	343.59	false
0 3 1 9 7 8 6 10 4 5 2 	2	100.50	25.50	23.43	188.72	338.14	false
0 10 1 9 7 8 3 6 4 5 2 	2	106.17	25.50	20.00	195.79	347.46	false
0 4 1 9 7 8 3 10 6 5 2 	2	86.35	25.50	20.00	207.23	339.08	false
0 5 1 9 7 8 3 10 4 6 2 	2	94.92	25.50	20.52	191.63	332.56	false
0 2 1 9 7 8 3 10 4 5 6 	2	77.47	25.50	37.59	174.56	315.11	true
0 2 1 9 7 8 3 10 4 5 6 	3	115.06	25.50	26.93	172.78	340.25	false
0 2 9 1 7 8 3 10 4 5 6 	3	146.93	25.50	20.81	153.75	346.98	false
0 2 7 9 1 8 3 10 4 5 6 	3	126.23	25.50	5.39	174.39	331.50	false
0 2 8 9 7 1 3 10 4 5 6 	3	122.24	25.50	5.39	172.16	325.29	true
0 2 8 9 7 1 3 10 4 5 6 	4	147.74	25.50	20.81	151.35	345.40	false
0 2 8 7 9 1 3 10 4 5 6 	4	127.63	25.50	20.81	175.28	349.22	false
0 2 8 1 7 9 3 10 4 5 6 	4	149.70	25.50	26.93	170.38	372.50	false
0 2 8 3 7 1 9 10 4 5 6 	4	167.19	25.50	23.43	148.73	364.84	false
0 2 8 10 7 1 3 9 4 5 6 	4	165.66	25.50	20.00	155.81	366.96	false
0 2 8 4 7 1 3 10 9 5 6 	4	145.67	25.50	20.00	169.26	360.43	false
0 2 8 5 7 1 3 10 4 9 6 	4	155.26	25.50	20.52	151.64	352.92	false
0 2 8 6 7 1 3 10 4 5 9 	4	183.12	43.10	34.06	138.10	398.39	false
0 2 3 9 7 8 1 10 4 5 6 	3	160.49	25.50	23.43	151.13	360.54	false
0 2 10 9 7 8 3 1 4 5 6 	3	147.32	25.50	20.00	158.20	351.02	false
0 2 4 9 7 8 3 10 1 5 6 	3	133.47	25.50	20.00	169.64	348.60	false
0 2 5 9 7 8 3 10 4 1 6 	3	122.06	25.50	20.52	154.04	322.12	true
0 2 5 9 7 8 3 10 4 1 6 	4	175.21	25.50	20.81	133.23	354.74	false
0 2 5 7 9 8 3 10 4 1 6 	4	160.08	25.50	5.39	153.87	344.83	false
0 2 5 8 7 9 3 10 4 1 6 	4	155.08	25.50	5.39	151.64	337.60	false
0 2 5 3 7 8 9 10 4 1 6 	4	166.45	25.50	23.43	130.61	345.98	false
0 2 5 10 7 8 3 9 4 1 6 	4	148.08	25.50	20.00	137.68	331.26	false
0 2 5 4 7 8 3 10 9 1 6 	4	142.58	25.50	20.00	150.83	338.91	false
0 2 5 1 7 8 3 10 4 9 6 	4	175.73	25.50	26.93	152.26	380.41	false
0 2 5 6 7 8 3 10 4 1 9 	4	209.20	43.10	34.06	119.98	406.34	false
0 2 6 9 7 8 3 10 4 5 1 	3	136.60	43.10	34.06	140.50	354.26	false
328.77
0 6 1 2 5 10 3 4 8 7 9 
